     11  10.913        39
  0.37284731E-01 -0.88866028E+00  0.24043442E+01 -0.10126967E-01  0.16255481E+02 -0.26980246E+00  0.40857207E+00  0.16175751E+02  0.15316717E+01  0.99871474E+02     0
  0.37284731E-01 -0.88866028E+00  0.24043442E+01 -0.10126967E-01  0.41393893E+01  0.19975576E+00  0.16749134E+00  0.41288672E+01  0.13800000E+00  0.83697077E+02     0
  0.37284731E-01 -0.88866028E+00  0.24043442E+01 -0.10126967E-01  0.56477016E+01 -0.44621059E+00 -0.27002308E-01  0.56082675E+01  0.49399999E+00  0.79604634E+02     0
  0.37284731E-01 -0.88866028E+00  0.24043442E+01 -0.10126967E-01  0.13524495E+02  0.78084568E+00  0.35400184E-01  0.13472239E+02  0.89429941E+00  0.73997382E+02     0
  0.37284731E-01 -0.88866028E+00  0.24043442E+01 -0.10126967E-01  0.60326823E+02  0.14212275E+01 -0.12925329E+01  0.60266199E+02  0.19027286E+01  0.60523868E+02     0
  0.37284731E-01 -0.72592007E+00  0.19296721E+01 -0.10126967E-01  0.23498772E+02 -0.99724216E+00  0.42687920E+00 -0.23473315E+02  0.13800000E+00  0.65724254E+02     0
  0.37284731E-01 -0.72592007E+00  0.19296721E+01 -0.10126967E-01  0.42173540E+02 -0.88291065E+00  0.32669252E+00 -0.42162805E+02  0.13800000E+00  0.42200669E+02     0
  0.43207167E-01 -0.72605152E+00  0.19297299E+01 -0.16045675E-01  0.47968860E+01 -0.44770791E+00  0.38641610E+00 -0.45546569E+01  0.13839999E+01  0.11619860E+03     1
  0.43207167E-01 -0.72605152E+00  0.19297299E+01 -0.16045675E-01  0.98632977E+01  0.41632692E+00 -0.16348021E+00 -0.97365375E+01  0.15114314E+01  0.45366884E+02     0
  0.43207167E-01 -0.72605152E+00  0.19297299E+01 -0.16045675E-01  0.13109678E+02 -0.89003036E+00  0.61571515E+00 -0.13064201E+02  0.13800000E+00  0.35371306E+02     0
  0.43207167E-01 -0.72605152E+00  0.19297299E+01 -0.16045675E-01  0.88884717E+01 -0.10358666E+00  0.42765272E+00 -0.88765009E+01  0.13800000E+00  0.22301542E+02     0
  0.43207167E-01 -0.72605152E+00  0.19297299E+01 -0.16045675E-01  0.13331465E+02 -0.88553299E+00 -0.28148140E+00 -0.13248820E+02  0.11546985E+01  0.11619860E+03     0
  0.43207167E-01 -0.25637584E+00  0.10874769E+01 -0.25372841E-01  0.13799227E+02 -0.97525853E-01  0.30859217E+00  0.13708857E+02  0.15431047E+01  0.64641368E+02     0
  0.43207167E-01 -0.25637584E+00  0.10874769E+01 -0.25372841E-01  0.16423068E+02 -0.18573201E+00  0.33907590E+00  0.16329399E+02  0.17083399E+01  0.51049692E+02     0
  0.43207167E-01 -0.25637584E+00  0.10874769E+01 -0.25372841E-01  0.54109734E+01  0.45651297E+00 -0.16194746E-03  0.53321113E+01  0.79926127E+00  0.34567320E+02     0
  0.43207167E-01 -0.25637584E+00  0.10874769E+01 -0.25372841E-01  0.36774123E+01 -0.28821364E+00 -0.10334293E+00  0.36620446E+01  0.13800000E+00  0.29513433E+02     0
  0.43207167E-01 -0.25637584E+00  0.10874769E+01 -0.25372841E-01  0.32193976E+00 -0.24149801E-01  0.16586401E+00  0.23771228E+00  0.13800000E+00  0.22651464E+02     0
  0.43207167E-01 -0.25637584E+00  0.10874769E+01 -0.25372841E-01  0.77588643E+01  0.66625798E-01 -0.38284672E+00  0.76549115E+01  0.12046968E+01  0.25582673E+02     0
  0.43207167E-01 -0.25637584E+00  0.10874769E+01 -0.25372841E-01  0.80479807E+01  0.64304730E+00  0.20836011E+00  0.79861647E+01  0.73091907E+00  0.18050072E+02     0
  0.43207167E-01 -0.25637584E+00  0.10874769E+01 -0.25372841E-01  0.29682077E+01 -0.39759356E+00 -0.20822223E+00  0.28262193E+01  0.78822823E+00  0.10066327E+02     0
  0.43207167E-01 -0.25637584E+00  0.10874769E+01 -0.25372841E-01  0.47896068E+01 -0.14995840E+00 -0.46082338E+00  0.46625985E+01  0.98268132E+00  0.74169175E+01     0
  0.43207167E-01 -0.25637584E+00  0.10874769E+01 -0.25372841E-01  0.22317201E+01  0.52997202E+00  0.72313989E+00  0.15727851E+01  0.13050364E+01  0.29915074E+01     0
  0.45797028E-01 -0.51390886E+00 -0.51986955E+00 -0.40882772E-02  0.19074505E+02  0.12105539E+01 -0.33946874E+00  0.18988856E+02  0.12959234E+01  0.11820879E+02     1
  0.45797028E-01 -0.51390886E+00 -0.51986955E+00 -0.40882772E-02  0.16510622E+01 -0.98980750E-01 -0.16189130E+00  0.90405585E+00  0.13684603E+01  0.10110057E+01    -1
  0.45797028E-01 -0.51390886E+00 -0.51986955E+00 -0.40882772E-02  0.11098417E+01 -0.56166497E+00  0.17097064E+00 -0.81850912E-01  0.93827000E+00  0.99208475E+00     1
  0.45797028E-01 -0.51390886E+00 -0.51986955E+00 -0.40882772E-02  0.18849340E+02  0.98942999E-01  0.10344442E+01 -0.18797206E+02  0.93957000E+00  0.16095130E+02     1
  0.45797028E-01 -0.51390886E+00 -0.51986955E+00 -0.40882772E-02  0.30953857E+02  0.71628348E+00 -0.76151891E+00  0.30926421E+02  0.77769532E+00  0.31887426E+02     0
  0.45797028E-01 -0.51390886E+00 -0.51986955E+00 -0.40882772E-02  0.17623009E+01 -0.10929625E+00 -0.69324717E-01  0.15573392E+01  0.81464564E+00  0.17764154E+01     0
  0.45797028E-01 -0.51390886E+00 -0.51986955E+00 -0.40882772E-02  0.11689294E+01 -0.31919596E+00  0.14673978E+00 -0.76664076E+00  0.80946848E+00  0.12010533E+01     0
  0.45797028E-01 -0.51390886E+00 -0.51986955E+00 -0.40882772E-02  0.19300397E+01 -0.82878749E+00 -0.63593211E+00 -0.16168721E+01  0.13957000E+00  0.11108574E+02     0
  0.45797028E-01 -0.51390886E+00 -0.51986955E+00 -0.40882772E-02  0.92142204E+00 -0.96929682E-01  0.26819222E+00 -0.86499501E+00  0.13957000E+00  0.53272875E+01     0
  0.45797028E-01 -0.51390886E+00 -0.51986955E+00 -0.40882772E-02  0.45859886E+01 -0.39623035E+00 -0.84088701E+00 -0.43450542E+01  0.11347712E+01  0.32788638E+01     0
  0.45797028E-01 -0.51390886E+00 -0.51986955E+00 -0.40882772E-02  0.78787755E+00 -0.41941306E+00  0.13651565E+00 -0.63775184E+00  0.13957000E+00  0.45618251E+01     0
  0.45797028E-01 -0.51390886E+00 -0.51986955E+00 -0.40882772E-02  0.12108217E+02 -0.14169472E+01  0.21517162E+00 -0.11990338E+02  0.88694778E+00  0.10967041E+02     0
  0.45797028E-01 -0.51390886E+00 -0.51986955E+00 -0.40882772E-02  0.20032964E+02  0.34446208E+00  0.23150733E+00 -0.20022481E+02  0.49767000E+00  0.32248605E+02     0
  0.45797028E-01 -0.51390886E+00 -0.51986955E+00 -0.40882772E-02  0.13399631E+02 -0.43815128E+00  0.37474723E+00 -0.13364290E+02  0.78323610E+00  0.13732226E+02     0
  0.45797028E-01 -0.51390886E+00 -0.51986955E+00 -0.40882772E-02  0.72929506E+01  0.16164071E+01 -0.11305782E+01  0.69783401E+01  0.77389882E+00  0.75847160E+01     0
  0.45797028E-01 -0.51390886E+00 -0.51986955E+00 -0.40882772E-02  0.26575757E+01 -0.10831908E+00  0.29964909E-01  0.25695797E+01  0.66883319E+00  0.32245575E+01     0
  0.45797028E-01 -0.51390886E+00 -0.51986955E+00 -0.40882772E-02  0.11788916E+01 -0.19835842E-01  0.19610634E+00 -0.67824373E+00  0.94388546E+00  0.10449790E+01     0
  0.45797028E-01 -0.51390886E+00 -0.51986955E+00 -0.40882772E-02  0.14960904E+01 -0.49489541E+00  0.93488164E+00  0.25387128E+00  0.10270884E+01  0.12111030E+01     0
  0.45797028E-01 -0.51390886E+00 -0.51986955E+00 -0.40882772E-02  0.14302914E+01 -0.29123458E+00  0.28364742E-02  0.10475235E+01  0.92930214E+00  0.12770792E+01     0
  0.45797028E-01 -0.51390886E+00 -0.51986955E+00 -0.40882772E-02  0.61381067E+00  0.15029374E+00  0.75409505E-01  0.57359302E+00  0.13957000E+00  0.35640928E+01     0
  0.45797028E-01 -0.51390886E+00 -0.51986955E+00 -0.40882772E-02  0.31994827E+01 -0.83869748E-01 -0.45458155E+00  0.31630351E+01  0.13498000E+00  0.19008504E+02     0
  0.45797028E-01 -0.51390886E+00 -0.51986955E+00 -0.40882772E-02  0.31116229E+01  0.38161060E+00 -0.39399244E+00  0.29092343E+01  0.95796466E+00  0.26443254E+01     0
  0.45797028E-01 -0.51390886E+00 -0.51986955E+00 -0.40882772E-02  0.97049827E+01  0.31856015E+00  0.68780974E+00  0.96743293E+01  0.13957000E+00  0.55673698E+02     0
  0.45797028E-01 -0.51390886E+00 -0.51986955E+00 -0.40882772E-02  0.20203706E+01 -0.48398297E-01 -0.34447396E+00  0.19280176E+01  0.49360000E+00  0.33203037E+01     0
  0.45797028E-01 -0.51390886E+00 -0.51986955E+00 -0.40882772E-02  0.10606078E+02 -0.28412462E+00 -0.75819159E-01  0.10553558E+02  0.10123343E+01  0.84272797E+01     0
  0.45797028E-01 -0.51390886E+00 -0.51986955E+00 -0.40882772E-02  0.29412617E+01  0.43782969E+00 -0.24777464E-02  0.29053571E+01  0.13498000E+00  0.17478079E+02     0
  0.45797028E-01 -0.51390886E+00 -0.51986955E+00 -0.40882772E-02  0.92298781E+00  0.10698088E+00  0.10122278E+00  0.72142130E+00  0.55656701E+00  0.13724841E+01     0
  0.45797028E-01 -0.51390886E+00 -0.51986955E+00 -0.40882772E-02  0.22088029E+01 -0.81521879E+00 -0.21227940E+00  0.20370779E+01  0.13957000E+00  0.12706414E+02     0
  0.45797028E-01 -0.51390886E+00 -0.51986955E+00 -0.40882772E-02  0.15910087E+01  0.90547245E+00  0.48665308E+00  0.11094846E+01  0.49360000E+00  0.26244173E+01     0
  0.45797028E-01 -0.51390886E+00 -0.51986955E+00 -0.40882772E-02  0.10911524E+01 -0.18460693E+00 -0.30754724E+00  0.53466341E+00  0.88095610E+00  0.10366772E+01     0
  0.45797028E-01 -0.51390886E+00 -0.51986955E+00 -0.40882772E-02  0.30266222E+01  0.36533412E+00  0.33449443E+00 -0.28301516E+01  0.95148743E+00  0.25905471E+01     0
  0.45797028E-01 -0.51390886E+00 -0.51986955E+00 -0.40882772E-02  0.14868785E+02  0.19613479E+00  0.16478091E+00 -0.14858246E+02  0.49767000E+00  0.23947234E+02     0
  0.45797028E-01 -0.51390886E+00 -0.51986955E+00 -0.40882772E-02  0.58299916E+01  0.97936512E+00  0.55697097E+00 -0.56998040E+01  0.48131414E+00  0.97359201E+01     0
  0.45797028E-01 -0.51390886E+00 -0.51986955E+00 -0.40882772E-02  0.86971602E+01 -0.70587935E+00 -0.27250328E+00 -0.86630590E+01  0.13957000E+00  0.49896969E+02     0
  0.46890763E-01 -0.67256069E+00  0.11917688E+01 -0.18573686E-01  0.39617017E+02  0.50058242E+00 -0.17527525E-01 -0.39595765E+02  0.11968696E+01  0.46817396E+02    -1
  0.46890763E-01 -0.67256069E+00  0.11917688E+01 -0.18573686E-01  0.69339972E+01 -0.40850232E+00 -0.97160511E+00 -0.67889308E+01  0.93800002E+00  0.72975734E+01     1
  0.46890763E-01 -0.67256069E+00  0.11917688E+01 -0.18573686E-01  0.15527336E+02  0.15012792E+00  0.86302159E+00 -0.15492954E+02  0.54699999E+00  0.98548772E+02     0
  0.46890763E-01 -0.67256069E+00  0.11917688E+01 -0.18573686E-01  0.11130148E+02  0.45401410E-01 -0.65302497E+00 -0.11099894E+02  0.49399999E+00  0.83185227E+02     0
  0.46890763E-01 -0.67256069E+00  0.11917688E+01 -0.18573686E-01  0.25211727E+01  0.21233390E+00 -0.46588953E-01 -0.25079895E+01  0.13800000E+00  0.71972585E+02     0
  0.46890763E-01 -0.67256069E+00  0.11917688E+01 -0.18573686E-01  0.22989199E+02 -0.50974718E+00  0.22640404E+00 -0.22928548E+02  0.15728451E+01  0.69607448E+02     0
  0.46963051E-01 -0.12114256E+01  0.18096517E+01  0.13613041E-02  0.66559179E+01  0.35541879E+00 -0.86772783E+00 -0.64884202E+01  0.11499444E+01  0.91993176E+02     0
  0.46963051E-01 -0.12114256E+01  0.18096517E+01  0.13613041E-02  0.13972201E+02 -0.45380444E+00 -0.15929512E+00 -0.13885279E+02  0.14799060E+01  0.89548326E+02     0
  0.46963051E-01 -0.12114256E+01  0.18096517E+01  0.13613041E-02  0.17757839E+01 -0.20574642E+00  0.88406748E+00 -0.28226498E+00  0.14999427E+01  0.26777951E+02     0
  0.46963051E-01 -0.12114256E+01  0.18096517E+01  0.13613041E-02  0.45762207E+02 -0.27504208E+00 -0.92401681E+00 -0.45728835E+02  0.14573005E+01  0.80268855E+02     0
  0.46963051E-01 -0.12114256E+01  0.18096517E+01  0.13613041E-02  0.28492512E+01  0.66985930E+00  0.35662337E+00  0.22977754E+01  0.15041837E+01  0.93088869E+01     0
  0.46963051E-01 -0.12114256E+01  0.18096517E+01  0.13613041E-02  0.39843992E+01 -0.49237418E+00  0.22385408E+00 -0.38308112E+01  0.95277476E+00  0.45438675E+02     0
  0.46963051E-01 -0.12114256E+01  0.18096517E+01  0.13613041E-02  0.48686511E+01  0.46023323E+00 -0.53375844E+00 -0.47026215E+01  0.10451806E+01  0.43061156E+02     0
  0.46963051E-01 -0.12114256E+01  0.18096517E+01  0.13613041E-02  0.27574866E+01 -0.37713509E+00  0.67346690E+00 -0.22584829E+01  0.13810138E+01  0.29860649E+02     0
  0.46963051E-01 -0.12114256E+01  0.18096517E+01  0.13613041E-02  0.47070087E+00 -0.31539753E-01  0.13888692E-01 -0.44869551E+00  0.13800000E+00  0.36445908E+02     0
  0.46963051E-01 -0.12114256E+01  0.18096517E+01  0.13613041E-02  0.28110150E+01 -0.23032325E+00 -0.75601099E+00 -0.25540945E+01  0.86821960E+00  0.33564202E+02     0
  0.46963051E-01 -0.12114256E+01  0.18096517E+01  0.13613041E-02  0.40860586E+01  0.22545830E+00  0.48645658E+00 -0.36848796E+01  0.16822801E+01  0.31854378E+02     0
  0.46963051E-01 -0.12114256E+01  0.18096517E+01  0.13613041E-02  0.11895026E+01 -0.18253906E-01 -0.42701766E+00  0.99408404E+00  0.49399999E+00  0.77530783E+01     0
  0.46963051E-01 -0.12114256E+01  0.18096517E+01  0.13613041E-02  0.14919799E+01  0.59566596E+00 -0.46465189E+00  0.94618275E+00  0.87179287E+00  0.99545597E+01     0
  0.46963051E-01 -0.12114256E+01  0.18096517E+01  0.13613041E-02  0.79313808E+01 -0.92403289E+00  0.72613387E+00 -0.77929168E+01  0.89226845E+00  0.46852422E+02     0
  0.46963051E-01 -0.12114256E+01  0.18096517E+01  0.13613041E-02  0.33232865E+01  0.12069595E+01  0.36083835E+00  0.27453865E+01  0.13856878E+01  0.10932471E+02     0
  0.46963051E-01 -0.12114256E+01  0.18096517E+01  0.13613041E-02  0.20022127E+01  0.45738868E+00 -0.42379438E+00  0.13935782E+01  0.12953724E+01  0.13509413E+02     0
  0.46963051E-01 -0.12114256E+01  0.18096517E+01  0.13613041E-02  0.19740048E+01 -0.79995347E+00  0.93256174E-01  0.67521776E+00  0.16709739E+01  0.17887460E+02     0
  0.46963051E-01 -0.12114256E+01  0.18096517E+01  0.13613041E-02  0.94136892E+00  0.85305729E+00 -0.25701838E+00 -0.27086206E+00  0.13800000E+00  0.28729416E+02     0
  0.46963051E-01 -0.12114256E+01  0.18096517E+01  0.13613041E-02  0.15245393E+01 -0.24216453E+00  0.14303555E+00  0.66391025E+00  0.13432574E+01  0.18598509E+02     0
  0.48200768E-01 -0.67262257E+00  0.11917072E+01 -0.19871690E-01  0.37107649E+01 -0.21053570E+00 -0.16189761E+00 -0.34327517E+01  0.13839999E+01  0.10810837E+03     1
  0.48200768E-01 -0.67262257E+00  0.11917072E+01 -0.19871690E-01  0.23013706E+01  0.37069526E+00  0.68778778E+00 -0.18560779E+01  0.11139185E+01  0.71616138E+01     0
  0.48200768E-01 -0.67262257E+00  0.11917072E+01 -0.19871690E-01  0.12249577E+01 -0.16007626E+00 -0.79589961E+00 -0.38759614E+00  0.83139043E+00  0.65282128E+01     0
  0.48200768E-01 -0.67262257E+00  0.11917072E+01 -0.19871690E-01  0.15588475E+01  0.35979291E-01  0.70621444E+00  0.29570834E-01  0.13889196E+01  0.69325005E+01     0
  0.48200768E-01 -0.67262257E+00  0.11917072E+01 -0.19871690E-01  0.30883956E+01  0.28466489E+00  0.14270974E+00  0.26247895E+01  0.15960161E+01  0.19138850E+02     0
  0.48200768E-01 -0.67262257E+00  0.11917072E+01 -0.19871690E-01  0.96741002E+00  0.35547885E+00 -0.15430988E+00  0.38230822E+00  0.79971609E+00  0.84008842E+01     0
  0.48200768E-01 -0.67262257E+00  0.11917072E+01 -0.19871690E-01  0.42207468E+00  0.15996493E+00 -0.22459968E+00  0.28821735E+00  0.13800000E+00  0.11749548E+02     0
  0.48200768E-01 -0.67262257E+00  0.11917072E+01 -0.19871690E-01  0.37413180E+00 -0.22902871E+00 -0.44203276E-01  0.25791961E+00  0.13800000E+00  0.11886142E+02     0
  0.48200768E-01 -0.67262257E+00  0.11917072E+01 -0.19871690E-01  0.16595230E+01 -0.68936075E+00 -0.27729941E+00  0.35914384E+00  0.14397636E+01  0.64523575E+01     0
  0.48200768E-01 -0.67262257E+00  0.11917072E+01 -0.19871690E-01  0.18715258E+01 -0.87298979E-01  0.29701965E+00 -0.10379239E+01  0.15262637E+01  0.28983461E+01     0
  0.48200768E-01 -0.67262257E+00  0.11917072E+01 -0.19871690E-01  0.53839929E+01  0.73076657E+00  0.16889412E+00  0.52259266E+01  0.10557106E+01  0.10810837E+03     0
  0.48200768E-01 -0.47485364E-01  0.12508328E+01 -0.36103015E-01  0.83138062E+01 -0.30852683E+00 -0.29922801E+00  0.83015422E+01  0.13800000E+00  0.47651097E+02     0
  0.48200768E-01 -0.47485364E-01  0.12508328E+01 -0.36103015E-01  0.22702587E+02  0.59922848E-01 -0.66048022E+00  0.22692478E+02  0.13800000E+00  0.40041070E+02     0
  0.48200768E-01 -0.47485364E-01  0.12508328E+01 -0.36103015E-01  0.17289070E+02 -0.63604816E+00  0.27768179E+00  0.17224142E+02  0.13263524E+01  0.17448557E+02     0
  0.52539118E-01 -0.84876019E+00 -0.51130156E+01 -0.21972542E-01  0.27935150E+02 -0.74545776E+00  0.27942574E+00  0.27908045E+02  0.93800002E+00  0.93014332E+02     1
  0.52539118E-01 -0.19541411E+01 -0.49998512E+01 -0.21972542E-01  0.63164465E+02  0.93108601E+00 -0.81186856E+00 -0.63145417E+02  0.93800002E+00  0.80770391E+02     1
  0.52539118E-01 -0.84876019E+00 -0.51130156E+01 -0.21972542E-01  0.10467257E+02  0.58356764E+00  0.50214724E+00  0.10348656E+02  0.13696981E+01  0.65100034E+02     0
  0.52539118E-01 -0.84876019E+00 -0.51130156E+01 -0.21972542E-01  0.30764921E+02 -0.42040583E+00  0.62841710E-01  0.30737024E+02  0.12389594E+01  0.54800036E+02     0
  0.52539118E-01 -0.84876019E+00 -0.51130156E+01 -0.21972542E-01  0.47897470E+00 -0.27047561E+00 -0.36841849E+00 -0.38516557E-01  0.13800000E+00  0.22919843E+02     0
  0.52539118E-01 -0.84876019E+00 -0.51130156E+01 -0.21972542E-01  0.67132068E+00  0.77846571E-01  0.32045423E+00 -0.56822218E+00  0.13800000E+00  0.22401106E+02     0
  0.52539118E-01 -0.84876019E+00 -0.51130156E+01 -0.21972542E-01  0.98796566E+01 -0.39433680E+00 -0.35206250E+00  0.96291195E+01  0.21466774E+01  0.24832783E+02     0
  0.52539118E-01 -0.84876019E+00 -0.51130156E+01 -0.21972542E-01  0.30305953E+01  0.62545986E+00  0.73598274E+00  0.24964399E+01  0.14210647E+01  0.15221158E+02     0
  0.52539118E-01 -0.84876019E+00 -0.51130156E+01 -0.21972542E-01  0.72472245E+01 -0.22435472E+00 -0.62673548E+00  0.70980020E+01  0.13028806E+01  0.12748911E+02     0
  0.52539118E-01 -0.84876019E+00 -0.51130156E+01 -0.21972542E-01  0.19931623E+01  0.27527573E+00  0.12904934E+01 -0.22721061E+00  0.14764556E+01  0.63818029E+01     0
  0.52539118E-01 -0.84876019E+00 -0.51130156E+01 -0.21972542E-01  0.32509068E+01  0.80335044E-01 -0.93427611E+00  0.28320623E+01  0.12917014E+01  0.61702720E+01     0
  0.52539118E-01 -0.19541411E+01 -0.49998512E+01 -0.21972542E-01  0.14753091E+01 -0.13522305E+00 -0.13621075E+00 -0.14562466E+01  0.13800000E+00  0.17424742E+02     0
  0.52539118E-01 -0.19541411E+01 -0.49998512E+01 -0.21972542E-01  0.12994578E+02 -0.59055530E+00  0.18614174E-01 -0.12980405E+02  0.13800000E+00  0.16074624E+02     0
  0.52539118E-01 -0.19541411E+01 -0.49998512E+01 -0.21972542E-01  0.31201394E+01  0.28544634E+00 -0.98492947E-01 -0.31024257E+01  0.13800000E+00  0.32923781E+01     0
  0.54190575E-01 -0.78271328E+00  0.19985749E+01 -0.19984875E-02  0.31489977E+01  0.46394883E+00  0.12380345E+01 -0.27516314E+01  0.77248488E+00  0.32443944E+02     0
  0.54190575E-01 -0.78271328E+00  0.19985749E+01 -0.19984875E-02  0.11777907E+01  0.11073435E+00 -0.55929628E-01 -0.11630807E+01  0.13800000E+00  0.72318233E+02     0
  0.54190575E-01 -0.78271328E+00  0.19985749E+01 -0.19984875E-02  0.98280855E+01  0.28247977E-01 -0.48567450E+00 -0.98150672E+01  0.13800000E+00  0.81303597E+02     0
  0.54190575E-01 -0.78271328E+00  0.19985749E+01 -0.19984875E-02  0.45299159E+02 -0.19699735E+00 -0.53538341E+00 -0.45288784E+02  0.78386764E+00  0.72728875E+02     0
  0.54190575E-01 -0.78271328E+00  0.19985749E+01 -0.19984875E-02  0.56623672E+01 -0.24180972E+00 -0.58394993E+00 -0.54790080E+01  0.12819535E+01  0.21071972E+02     0
  0.54190575E-01 -0.78271328E+00  0.19985749E+01 -0.19984875E-02  0.14874627E+02  0.17448757E+00  0.44590606E+00 -0.14811415E+02  0.12834495E+01  0.24105735E+02     0
  0.60930352E-01 -0.10751918E+00  0.26801879E+01 -0.17898455E-01  0.37678102E+01  0.31468622E-01 -0.18677529E+00  0.37605152E+01  0.13800000E+00  0.78534421E+01     0
  0.60930352E-01 -0.10751918E+00  0.26801879E+01 -0.17898455E-01  0.40515202E+01  0.26011757E+00  0.28216329E+00  0.39726455E+01  0.69686897E+00  0.41589848E+01     0
  0.63543192E-01  0.22010682E+00 -0.22233749E+00 -0.12208278E-01  0.16503338E+02 -0.13383688E+00  0.31243925E+00 -0.16456745E+02  0.11917023E+01  0.71455607E+02    -1
  0.63543192E-01  0.22010682E+00 -0.22233749E+00 -0.12208278E-01  0.14864453E+02 -0.36628835E+00  0.37489749E+00 -0.14825566E+02  0.93800002E+00  0.55010476E+02     1
  0.63543192E-01  0.10188770E+01  0.70511168E+00 -0.12208278E-01  0.38907970E+02 -0.10236590E+01 -0.64209845E+00  0.38876335E+02  0.10002806E+01  0.86982789E+02     0
  0.63543192E-01  0.10188770E+01  0.70511168E+00 -0.12208278E-01  0.27237090E+02  0.16768637E+00 -0.34119758E+00  0.27202405E+02  0.13204944E+01  0.48117404E+02     0
  0.63543192E-01  0.10188770E+01  0.70511168E+00 -0.12208278E-01  0.18530606E+00  0.72691672E-01 -0.63117204E-01  0.77630382E-01  0.13800000E+00  0.21066757E+02     0
  0.63543192E-01  0.10188770E+01  0.70511168E+00 -0.12208278E-01  0.69075503E+00 -0.59737327E+00 -0.17456096E+00  0.26603040E+00  0.13800000E+00  0.21198676E+02     0
  0.63543192E-01  0.10188770E+01  0.70511168E+00 -0.12208278E-01  0.19462288E+01 -0.23211998E+00  0.58312003E+00  0.13640253E+01  0.12382781E+01  0.20920280E+02     0
  0.63543192E-01  0.10188770E+01  0.70511168E+00 -0.12208278E-01  0.16244812E+01 -0.62414475E-01 -0.39079786E+00  0.61397326E+00  0.14509850E+01  0.19794777E+02     0
  0.63543192E-01  0.10188770E+01  0.70511168E+00 -0.12208278E-01  0.17405971E+02  0.55421466E-01  0.27574720E+00  0.17360612E+02  0.12238790E+01  0.18579590E+02     0
  0.63543192E-01  0.22010682E+00 -0.22233749E+00 -0.12208278E-01  0.17117117E+01  0.14555536E+00 -0.16436826E-01 -0.16998401E+01  0.13800000E+00  0.73120548E+02     0
  0.63543192E-01  0.22010682E+00 -0.22233749E+00 -0.12208278E-01  0.10774947E+02  0.22418755E+00  0.96067304E-01 -0.10557423E+02  0.21402830E+01  0.40279525E+02     0
  0.63543192E-01  0.22010682E+00 -0.22233749E+00 -0.12208278E-01  0.29391065E+02  0.20261279E+00  0.20090029E+00 -0.29375256E+02  0.92068279E+00  0.29632639E+02     0
  0.66613077E-01 -0.25585194E+00  0.10874204E+01 -0.19834316E-02  0.10622272E+03  0.12401158E+01 -0.13648785E+01 -0.10619957E+03  0.12320000E+01  0.10824058E+03     1
  0.66613077E-01  0.20674318E+00  0.53275672E+00 -0.74059954E-02  0.43336881E+02 -0.16127922E+00  0.12945465E+01  0.43307084E+02  0.93800002E+00  0.66613077E-01     1
  0.66816708E-01  0.22019575E+00 -0.22237045E+00 -0.15477628E-01  0.97960140E+02 -0.63266794E+00  0.10638383E+01  0.97945149E+02  0.11852866E+01  0.10185147E+03     1
  0.69169551E-01  0.87624618E+00  0.18323402E+01  0.24912172E-01  0.13667962E+01  0.19325288E+00 -0.49875201E+00  0.23763934E+00  0.12351352E+01  0.95444664E+00     1
  0.69169551E-01  0.87624618E+00  0.18323402E+01  0.24912172E-01  0.13566789E+01  0.87230031E-02  0.16259117E+00  0.44243641E+00  0.12721303E+01  0.92233928E+00    -1
  0.69169551E-01  0.87624618E+00  0.18323402E+01  0.24912172E-01  0.49247513E+02 -0.21239651E+01 -0.52341641E+00  0.49186254E+02  0.11156800E+01  0.35382171E+02     1
  0.69169551E-01  0.87624618E+00  0.18323402E+01  0.24912172E-01  0.22659611E+01 -0.11938944E+01  0.56448500E-01  0.15688427E+01  0.11156800E+01  0.16939803E+01    -1
  0.69169551E-01  0.87624618E+00  0.18323402E+01  0.24912172E-01  0.16709276E+02  0.21950956E+01 -0.13517026E+01 -0.16500141E+02  0.54745000E+00  0.24486780E+02     0
  0.69169551E-01  0.87624618E+00  0.18323402E+01  0.24912172E-01  0.10529329E+02  0.97872893E+00 -0.33673904E+00 -0.10439409E+02  0.90233429E+00  0.94043612E+01     0
  0.69169551E-01  0.87624618E+00  0.18323402E+01  0.24912172E-01  0.32011348E+01  0.65753379E+00 -0.75200436E+00 -0.29916051E+01  0.54745000E+00  0.47470540E+01     0
  0.69169551E-01  0.87624618E+00  0.18323402E+01  0.24912172E-01  0.75788271E+00  0.73623484E+00  0.73832605E-01 -0.86101281E-01  0.13957000E+00  0.44132705E+01     0
  0.69169551E-01  0.87624618E+00  0.18323402E+01  0.24912172E-01  0.16484431E+01  0.15540027E+00  0.27944722E+00 -0.16111006E+01  0.13957000E+00  0.95178656E+01     0
  0.69169551E-01  0.87624618E+00  0.18323402E+01  0.24912172E-01  0.10822830E+01  0.12664987E+00 -0.47124425E+00 -0.56656751E+00  0.78244898E+00  0.11757291E+01     0
  0.69169551E-01  0.87624618E+00  0.18323402E+01  0.24912172E-01  0.40678145E+01  0.52189453E+00 -0.30045892E+00  0.39920909E+01  0.49767000E+00  0.66081444E+01     0
  0.69169551E-01  0.87624618E+00  0.18323402E+01  0.24912172E-01  0.40334079E+01  0.45259912E+00  0.67571941E+00  0.38168229E+01  0.10192150E+01  0.32350631E+01     0
  0.69169551E-01  0.87624618E+00  0.18323402E+01  0.24912172E-01  0.28792433E+02 -0.23743535E+00 -0.55742782E+00  0.28775557E+02  0.77742055E+00  0.29697851E+02     0
  0.69169551E-01  0.87624618E+00  0.18323402E+01  0.24912172E-01  0.15853763E+01 -0.58349577E+00 -0.23884671E+00  0.11057841E+01  0.94506318E+00  0.14111973E+01     0
  0.69169551E-01  0.87624618E+00  0.18323402E+01  0.24912172E-01  0.12005569E+01 -0.16996668E+00  0.28478789E+00 -0.11453665E+01  0.13957000E+00  0.69506309E+01     0
  0.69169551E-01  0.87624618E+00  0.18323402E+01  0.24912172E-01  0.26191375E+00  0.79177793E-02  0.14077306E+00  0.17099497E+00  0.13957000E+00  0.15704305E+01     0
  0.69169551E-01  0.87624618E+00  0.18323402E+01  0.24912172E-01  0.61976309E+00  0.35016916E+00 -0.53209645E-02 -0.49191437E+00  0.13957000E+00  0.36215839E+01     0
  0.69169551E-01  0.87624618E+00  0.18323402E+01  0.24912172E-01  0.18863517E+01 -0.53285379E+00  0.75419318E-01 -0.16352210E+01  0.77120298E+00  0.20259584E+01     0
  0.69169551E-01  0.87624618E+00  0.18323402E+01  0.24912172E-01  0.51281753E+01 -0.29425732E+00  0.38366872E+00 -0.50524506E+01  0.73289523E+00  0.56668867E+01     0
  0.69389578E-01  0.94427534E+00 -0.36800875E+01  0.15146841E-01  0.87516510E+02 -0.47075822E+00 -0.50082279E+00  0.87508767E+02  0.93957000E+00  0.74585613E+02     1
  0.69389578E-01  0.94427534E+00 -0.36800875E+01  0.15146841E-01  0.28293797E+01 -0.21166066E+00 -0.20772152E+00  0.26527515E+01  0.93827000E+00  0.24818122E+01     1
  0.69389578E-01  0.94427534E+00 -0.36800875E+01  0.15146841E-01  0.64101105E+01  0.43113317E+00 -0.90995308E+00  0.62604180E+01  0.93957000E+00  0.55272994E+01    -1
  0.69389578E-01  0.94427534E+00 -0.36800875E+01  0.15146841E-01  0.14686440E+01 -0.70213049E+00 -0.14859233E-01 -0.27573073E+00  0.12600317E+01  0.10018385E+01     1
  0.69389578E-01  0.94427534E+00 -0.36800875E+01  0.15146841E-01  0.14205403E+01  0.56036142E+00 -0.18740286E+00  0.35958841E+00  0.12407684E+01  0.98529964E+00    -1
  0.69389578E-01  0.94427534E+00 -0.36800875E+01  0.15146841E-01  0.98614158E+01  0.64015934E-01  0.25366305E+00 -0.97689667E+01  0.13215023E+01  0.60392111E+01     1
  0.69389578E-01  0.94427534E+00 -0.36800875E+01  0.15146841E-01  0.12184539E+01 -0.33902730E+00  0.28071243E+00 -0.80384227E+00  0.80294993E+00  0.12833671E+01     0
  0.69389578E-01  0.94427534E+00 -0.36800875E+01  0.15146841E-01  0.91033183E+00  0.69847879E+00  0.37807916E+00 -0.42387259E+00  0.13498000E+00  0.54647479E+01     0
  0.69389578E-01  0.94427534E+00 -0.36800875E+01  0.15146841E-01  0.78234065E+00 -0.39333026E+00  0.62508316E+00 -0.21999919E+00  0.13498000E+00  0.47061693E+01     0
  0.69389578E-01  0.94427534E+00 -0.36800875E+01  0.15146841E-01  0.12607858E+01 -0.55787854E+00  0.20266898E+00 -0.96828516E+00  0.54745000E+00  0.19118019E+01     0
  0.69389578E-01  0.94427534E+00 -0.36800875E+01  0.15146841E-01  0.14224647E+01  0.30013734E+00  0.51282416E+00 -0.10543639E+01  0.74743003E+00  0.15919024E+01     0
  0.69389578E-01  0.94427534E+00 -0.36800875E+01  0.15146841E-01  0.67939008E+01  0.43226975E+00 -0.51040671E+00 -0.67217273E+01  0.72670324E+00  0.75485369E+01     0
  0.69389578E-01  0.94427534E+00 -0.36800875E+01  0.15146841E-01  0.29187655E+02  0.12609223E+00  0.58130457E+00 -0.29176458E+02  0.54745000E+00  0.42721913E+02     0
  0.69389578E-01  0.94427534E+00 -0.36800875E+01  0.15146841E-01  0.24560233E+01 -0.10287211E+00 -0.59913331E+00 -0.23757709E+01  0.13498000E+00  0.14625758E+02     0
  0.69389578E-01  0.94427534E+00 -0.36800875E+01  0.15146841E-01  0.23749928E+00  0.19042098E+00  0.12999592E-01  0.22293145E-01  0.13957000E+00  0.14307095E+01     0
  0.69389578E-01  0.94427534E+00 -0.36800875E+01  0.15146841E-01  0.55831428E+02 -0.10358297E+00  0.64448675E-01 -0.55827211E+02  0.67533622E+00  0.66207028E+02     0
  0.71497424E-01  0.10191100E+01  0.70527872E+00 -0.42916249E-02  0.13689257E+02  0.93778992E+00  0.67247799E+00  0.13552191E+02  0.15498996E+01  0.10060289E+03     1
  0.71545161E-01  0.30198790E+00 -0.38526837E+01 -0.34390512E-01  0.72962019E+02 -0.18823104E+01 -0.37623878E+00 -0.72930733E+02  0.93800002E+00  0.11123012E+03     1
  0.71545161E-01  0.19030467E-01 -0.28095505E+01 -0.34390512E-01  0.42809804E+02  0.14927062E+01  0.58516297E+00  0.42731838E+02  0.20245354E+01  0.72855987E+02     0
  0.71545161E-01  0.19030467E-01 -0.28095505E+01 -0.34390512E-01  0.51206642E+01  0.23813713E+00  0.11349746E+00  0.51120022E+01  0.13800000E+00  0.30200008E+02     0
  0.71545161E-01  0.19030467E-01 -0.28095505E+01 -0.34390512E-01  0.24731854E+02  0.51865525E+00 -0.18838302E+00  0.24719646E+02  0.54699999E+00  0.25145307E+02     0
  0.71545161E-01  0.30198790E+00 -0.38526837E+01 -0.34390512E-01  0.17605937E+02 -0.73519753E+00 -0.18934007E+00 -0.17572342E+02  0.77809363E+00  0.37923856E+02     0
  0.71545161E-01  0.30198790E+00 -0.38526837E+01 -0.34390512E-01  0.13533324E+02 -0.68005832E+00 -0.29517880E+00 -0.13512298E+02  0.13800000E+00  0.20492890E+02     0
  0.71545161E-01  0.30198790E+00 -0.38526837E+01 -0.34390512E-01  0.70823385E+01 -0.56646427E-01 -0.76450661E-01 -0.70803546E+01  0.13800000E+00  0.72765486E+01     0
  0.72422909E-01 -0.15021409E+01  0.35244255E+01 -0.32352924E-01  0.47476469E+02  0.13956248E+01  0.14380811E+01 -0.47412355E+02  0.14380312E+01  0.10469182E+03     1
  0.72422909E-01 -0.15021409E+01  0.35244255E+01 -0.32352924E-01  0.96264678E+01 -0.18045400E+00 -0.98451575E-02 -0.95539464E+01  0.11654742E+01  0.51450159E+02    -1
  0.72422909E-01 -0.15021409E+01  0.35244255E+01 -0.32352924E-01  0.10402131E+02  0.74649298E+00  0.25909756E+00 -0.10310247E+02  0.11308272E+01  0.41897238E+02     1
  0.72422909E-01 -0.15021409E+01  0.35244255E+01 -0.32352924E-01  0.15753130E+01 -0.39410574E+00  0.10255510E+01  0.62824585E+00  0.93800002E+00  0.67829978E+01    -1
  0.72422909E-01 -0.15021409E+01  0.35244255E+01 -0.32352924E-01  0.14662939E+01  0.17160306E+00  0.41037583E+00 -0.57447715E+00  0.12736318E+01  0.66576800E+01     1
  0.72422909E-01 -0.92718091E+00  0.24449071E+01 -0.32352924E-01  0.95550703E+01 -0.34405269E+00  0.37140090E+00  0.94441460E+01  0.13605748E+01  0.38439047E+02     0
  0.72422909E-01 -0.92718091E+00  0.24449071E+01 -0.32352924E-01  0.12250751E+02 -0.13848713E+00 -0.28174009E+00  0.12221105E+02  0.79179878E+00  0.28895632E+02     0
  0.72422909E-01 -0.92718091E+00  0.24449071E+01 -0.32352924E-01  0.20190347E+01 -0.19571046E-01 -0.48163361E-01  0.20136421E+01  0.13800000E+00  0.16668446E+02     0
  0.72422909E-01 -0.92718091E+00  0.24449071E+01 -0.32352924E-01  0.65976178E+01 -0.42197650E+00 -0.86482602E+00  0.62520575E+01  0.18746598E+01  0.14809057E+02     0
  0.72422909E-01 -0.92718091E+00  0.24449071E+01 -0.32352924E-01  0.81347207E+01 -0.30460378E-01  0.37852687E+00  0.80335029E+01  0.12215982E+01  0.85171517E+01     0
  0.72422909E-01 -0.15021409E+01  0.35244255E+01 -0.32352924E-01  0.60620150E+01  0.54145046E+00 -0.14498316E+00 -0.58167751E+01  0.16121303E+01  0.57399731E+02     0
  0.72422909E-01 -0.15021409E+01  0.35244255E+01 -0.32352924E-01  0.25169506E+02 -0.46661565E-01  0.14204499E+00 -0.25127549E+02  0.14449733E+01  0.31551240E+02     0
  0.72422909E-01 -0.15021409E+01  0.35244255E+01 -0.32352924E-01  0.16302046E+01 -0.12490123E+00 -0.47883354E+00 -0.12908514E+01  0.86393740E+00  0.66005016E+01     0
  0.72422909E-01 -0.15021409E+01  0.35244255E+01 -0.32352924E-01  0.29229435E+00 -0.44197932E-01  0.11837454E+00  0.22455734E+00  0.13800000E+00  0.55337052E+01     0
  0.72422909E-01 -0.15021409E+01  0.35244255E+01 -0.32352924E-01  0.46547861E+00  0.36428828E+00 -0.80846558E-02  0.25466650E+00  0.13800000E+00  0.58335587E+01     0
  0.72422909E-01 -0.15021409E+01  0.35244255E+01 -0.32352924E-01  0.21578001E+01  0.97958466E+00 -0.90104475E+00 -0.11571218E+01  0.12432628E+01  0.60986884E+01     0
  0.72422909E-01 -0.15021409E+01  0.35244255E+01 -0.32352924E-01  0.30801453E+01 -0.13962869E+01 -0.15936299E+00  0.24116027E+01  0.13024799E+01  0.72576638E+01     0
  0.72422909E-01 -0.15021409E+01  0.35244255E+01 -0.32352924E-01  0.16375337E+01  0.59547770E+00  0.33644023E+00 -0.39900248E+00  0.14333625E+01  0.73962373E+01     0
  0.74709482E-01  0.49023310E+00  0.12211331E+01 -0.72982978E-02  0.98168986E+01  0.59073887E-01 -0.27416199E+00 -0.98004494E+01  0.49399999E+00  0.62326285E+02     0
  0.74709482E-01  0.49023310E+00  0.12211331E+01 -0.72982978E-02  0.52461088E+02 -0.62251614E+00  0.82415723E+00 -0.52435430E+02  0.12746116E+01  0.52588256E+02     0
  0.75220439E-01  0.52228354E+00  0.54302953E+00 -0.80424362E-02  0.62079737E+01 -0.10115256E+00 -0.41910577E+00  0.60599972E+01  0.12765146E+01  0.10923042E+03     1
  0.75220439E-01  0.52228354E+00  0.54302953E+00 -0.80424362E-02  0.27105977E+02 -0.31048268E+00 -0.26733055E+00  0.27067344E+02  0.13874396E+01  0.72253900E+02    -1
  0.75220439E-01  0.52228354E+00  0.54302953E+00 -0.80424362E-02  0.73127696E+01 -0.11190959E+00 -0.52824378E+00  0.71761280E+01  0.12993153E+01  0.44136474E+02     1
  0.75220439E-01  0.52228354E+00  0.54302953E+00 -0.80424362E-02  0.18334621E+02 -0.51758327E+00  0.79764367E+00  0.18309428E+02  0.13800000E+00  0.10774407E+03     0
  0.75220439E-01  0.52228354E+00  0.54302953E+00 -0.80424362E-02  0.52722226E+01 -0.40322127E+00 -0.59654135E+00  0.51638158E+01  0.78287183E+00  0.86669575E+02     0
  0.75220439E-01  0.52228354E+00  0.54302953E+00 -0.80424362E-02  0.55550128E+01  0.62104380E+00  0.36784230E+00  0.53566874E+01  0.12818205E+01  0.79735332E+02     0
  0.75220439E-01  0.52228354E+00  0.54302953E+00 -0.80424362E-02  0.48660330E+01 -0.15011588E+00 -0.15267086E+00  0.48593611E+01  0.13800000E+00  0.79555973E+02     0
  0.75220439E-01  0.52228354E+00  0.54302953E+00 -0.80424362E-02  0.26571736E+01  0.92894365E-01  0.46657236E+00  0.26105954E+01  0.13800000E+00  0.72580294E+02     0
  0.75220439E-01  0.52228354E+00  0.54302953E+00 -0.80424362E-02  0.96919169E+01  0.39076708E-01 -0.45449507E+00  0.95753859E+01  0.14272859E+01  0.37837803E+02     0
  0.75220439E-01  0.52228354E+00  0.54302953E+00 -0.80424362E-02  0.22391164E+02  0.44736631E-01  0.73874232E+00  0.22306982E+02  0.17930484E+01  0.29057713E+02     0
  0.75220439E-01  0.52228354E+00  0.54302953E+00 -0.80424362E-02  0.11901341E+01 -0.67908864E+00 -0.78329189E+00 -0.31253115E+00  0.49399999E+00  0.31772371E+01     0
  0.75220439E-01  0.52228354E+00  0.54302953E+00 -0.80424362E-02  0.43853473E+01  0.24177700E+00  0.44433078E+00  0.41282373E+01  0.13903389E+01  0.95688613E+01     0
  0.75469399E-01 -0.64554372E+00 -0.31829502E+01 -0.16435317E-01  0.18613156E+02 -0.37289268E+00  0.66203473E+00 -0.18544656E+02  0.14028486E+01  0.99788012E+02     1
  0.75469399E-01  0.19162415E-01 -0.28094906E+01 -0.30471829E-01  0.16528929E+01 -0.56109986E+00 -0.80226820E+00 -0.15486271E+00  0.13227264E+01  0.12806158E+02    -1
  0.75469399E-01  0.19162415E-01 -0.28094906E+01 -0.30471829E-01  0.40814912E+01 -0.17118039E+00  0.33331503E+00  0.39545322E+01  0.93800002E+00  0.77427761E+01     1
  0.75469399E-01  0.19162415E-01 -0.28094906E+01 -0.30471829E-01  0.16892356E+02  0.85067669E+00 -0.14538669E+01  0.16754239E+02  0.13452950E+01  0.27981052E+02     0
  0.75469399E-01  0.19162415E-01 -0.28094906E+01 -0.30471829E-01  0.15248094E+01  0.45951842E-01  0.27006005E+00  0.14936384E+01  0.13800000E+00  0.11185183E+02     0
  0.75469399E-01  0.19162415E-01 -0.28094906E+01 -0.30471829E-01  0.15574971E+01  0.17866105E+00 -0.16473410E+00  0.15322193E+01  0.13800000E+00  0.96412857E+01     0
  0.75469399E-01  0.19162415E-01 -0.28094906E+01 -0.30471829E-01  0.33398040E+01  0.34033506E+00 -0.22599132E+00  0.29727289E+01  0.14663811E+01  0.10884430E+03     0
  0.75469399E-01 -0.64554372E+00 -0.31829502E+01 -0.16435317E-01  0.68944223E+00 -0.69466900E-01 -0.96551535E-01 -0.66493514E+00  0.13800000E+00  0.78920319E+02     0
  0.75469399E-01 -0.64554372E+00 -0.31829502E+01 -0.16435317E-01  0.73930790E+01  0.80107386E-02 -0.59359799E+00 -0.73679135E+01  0.13800000E+00  0.80693406E+02     0
  0.75469399E-01 -0.64554372E+00 -0.31829502E+01 -0.16435317E-01  0.73338572E+02  0.67651869E+00  0.23733825E+01 -0.73287502E+02  0.11822023E+01  0.73385675E+02     0
  0.76461586E-01  0.49024626E+00  0.12211553E+01 -0.90481321E-02  0.22609353E+02 -0.13875408E+00  0.29689303E+00 -0.22587510E+02  0.93800002E+00  0.86356517E+02     1
  0.76461586E-01 -0.47690047E-01  0.12508112E+01 -0.78550103E-02  0.10700200E+02  0.39163177E+00 -0.55837709E+00  0.10612436E+02  0.11854623E+01  0.83213766E+02     1
  0.76461586E-01 -0.47690047E-01  0.12508112E+01 -0.78550103E-02  0.10643011E+02  0.24954593E+00 -0.92806816E-01  0.10638785E+02  0.13800000E+00  0.24510236E+02     0
  0.76461586E-01 -0.47690047E-01  0.12508112E+01 -0.78550103E-02  0.19701497E+01 -0.65934007E-01  0.19365756E-01  0.19641088E+01  0.13800000E+00  0.13842329E+02     0
  0.76461586E-01 -0.47690047E-01  0.12508112E+01 -0.78550103E-02  0.11859897E+02  0.99858085E+00 -0.39660086E+00  0.11679364E+02  0.17593052E+01  0.83213766E+02     0
  0.77071287E-01 -0.45109964E+00  0.23226481E+01  0.23978769E-01  0.44523569E+02 -0.80752411E-01  0.21554541E-01 -0.44517770E+02  0.71372238E+00  0.44733799E+02     0
  0.77739982E-01  0.41736926E+00 -0.58280068E+00 -0.22116289E-01  0.52456496E+01  0.57430881E+00 -0.13593588E+00 -0.51272000E+01  0.93827000E+00  0.45503541E+01     1
  0.77739982E-01  0.41736926E+00 -0.58280068E+00 -0.22116289E-01  0.22115184E+01  0.24901344E+00  0.12839395E+01  0.13439807E+01  0.11721865E+01  0.15870686E+01    -1
  0.77739982E-01  0.41736926E+00 -0.58280068E+00 -0.22116289E-01  0.30935507E+01  0.48996261E+00  0.39883618E+00  0.27638114E+01  0.12378485E+01  0.20770481E+01     1
  0.77739982E-01  0.41736926E+00 -0.58280068E+00 -0.22116289E-01  0.25942701E+02 -0.32222708E+00  0.28248336E+00  0.25902392E+02  0.13806471E+01  0.15109938E+02     1
  0.77739982E-01  0.41736926E+00 -0.58280068E+00 -0.22116289E-01  0.84264081E+01  0.87689320E+00 -0.74031949E+00 -0.82949978E+01  0.93827000E+00  0.72623739E+01    -1
  0.77739982E-01  0.41736926E+00 -0.58280068E+00 -0.22116289E-01  0.80769331E+01  0.17912047E+00 -0.65085671E+00 -0.79713174E+01  0.11132152E+01  0.58821400E+01     1
  0.77739982E-01  0.41736926E+00 -0.58280068E+00 -0.22116289E-01  0.19141907E+01  0.15588223E+00  0.16912428E+01  0.31167172E+00  0.82606624E+00  0.19315290E+01     0
  0.77739982E-01  0.41736926E+00 -0.58280068E+00 -0.22116289E-01  0.36866375E+01  0.39401936E+00  0.36956970E+00  0.36132841E+01  0.49360000E+00  0.60528412E+01     0
  0.77739982E-01  0.41736926E+00 -0.58280068E+00 -0.22116289E-01  0.21721284E+01  0.54008380E-01  0.12597986E+01  0.16971909E+01  0.49767000E+00  0.35694167E+01     0
  0.77739982E-01  0.41736926E+00 -0.58280068E+00 -0.22116289E-01  0.46477004E+01 -0.12430560E+00  0.25277341E+00  0.46370565E+01  0.13957000E+00  0.26717851E+02     0
  0.77739982E-01  0.41736926E+00 -0.58280068E+00 -0.22116289E-01  0.10251836E+02  0.41193693E+00 -0.24851635E+00  0.10228639E+02  0.49360000E+00  0.16693357E+02     0
  0.77739982E-01  0.41736926E+00 -0.58280068E+00 -0.22116289E-01  0.19539611E+02 -0.24953894E+00  0.64145122E+00  0.19503970E+02  0.95802664E+00  0.16394289E+02     0
  0.77739982E-01  0.41736926E+00 -0.58280068E+00 -0.22116289E-01  0.56781428E+01 -0.29076886E+00 -0.51373335E+00  0.55866929E+01  0.82565130E+00  0.55794745E+01     0
  0.77739982E-01  0.41736926E+00 -0.58280068E+00 -0.22116289E-01  0.46752446E+01  0.30604838E+00 -0.82605551E+00  0.45414661E+01  0.67599123E+00  0.56106456E+01     0
  0.77739982E-01  0.41736926E+00 -0.58280068E+00 -0.22116289E-01  0.51347025E+01 -0.56773807E+00 -0.12677202E+01  0.48862202E+01  0.74871945E+00  0.55641235E+01     0
  0.77739982E-01  0.41736926E+00 -0.58280068E+00 -0.22116289E-01  0.37960374E+00  0.30343779E+00  0.14010211E+00  0.11364912E+00  0.13957000E+00  0.22535872E+01     0
  0.77739982E-01  0.41736926E+00 -0.58280068E+00 -0.22116289E-01  0.18481398E+01 -0.20977223E+00 -0.10785352E+00  0.16577216E+01  0.78226802E+00  0.19677723E+01     0
  0.77739982E-01  0.41736926E+00 -0.58280068E+00 -0.22116289E-01  0.42901271E+01 -0.45490259E+00 -0.19560845E+01  0.37886367E+01  0.13498000E+00  0.25504482E+02     0
  0.77739982E-01  0.41736926E+00 -0.58280068E+00 -0.22116289E-01  0.11680730E+01  0.60747775E-03 -0.26887976E+00 -0.82946273E+00  0.77723192E+00  0.12800303E+01     0
  0.77739982E-01  0.41736926E+00 -0.58280068E+00 -0.22116289E-01  0.61285848E+00  0.29738180E+00 -0.88874010E-01 -0.50968737E+00  0.13957000E+00  0.35905779E+01     0
  0.77739982E-01  0.41736926E+00 -0.58280068E+00 -0.22116289E-01  0.10797083E+01 -0.49458365E+00 -0.64486485E+00  0.45343676E+00  0.54745000E+00  0.16555401E+01     0
  0.77739982E-01  0.41736926E+00 -0.58280068E+00 -0.22116289E-01  0.28171053E+01 -0.54150347E-01 -0.36607293E+00 -0.27892043E+01  0.13957000E+00  0.16225080E+02     0
  0.80458798E-01 -0.92738290E+00  0.24446856E+01 -0.24323485E-01  0.11274917E+02 -0.10879014E+01 -0.56997663E+00 -0.11168505E+02  0.93800002E+00  0.10257366E+03     1
  0.81614214E-01 -0.78411865E+00  0.19977916E+01 -0.26882162E-01  0.55090902E+01  0.46206219E+00 -0.10295823E-01 -0.53496396E+01  0.12320000E+01  0.83574996E+02     1
  0.82469021E-01 -0.12060702E+01 -0.29731617E+00  0.14738193E-02  0.11641497E+03 -0.15677146E+01 -0.25989124E+01 -0.11637162E+03  0.93800002E+00  0.82469021E-01     1
  0.85720319E-01 -0.12127954E+01  0.18119406E+01 -0.28205230E-01  0.10217651E+03  0.86246914E+00 -0.22434444E+01 -0.10214081E+03  0.12319476E+01  0.95497090E+02     1
  0.87765418E-01 -0.17036070E+01  0.15173238E+01 -0.36307609E-01  0.35000323E+02  0.22681177E+00  0.89690078E+00 -0.34970301E+02  0.11156800E+01  0.25184799E+02     1
  0.87765418E-01 -0.17036070E+01  0.15173238E+01 -0.36307609E-01  0.18063396E+02  0.37742094E+00 -0.24856424E+00 -0.18033350E+02  0.93827000E+00  0.15489214E+02    -1
  0.87765418E-01 -0.17036070E+01  0.15173238E+01 -0.36307609E-01  0.70085653E+02  0.26789625E+00  0.30897649E+00 -0.70078179E+02  0.93827000E+00  0.59845109E+02     1
  0.87765418E-01 -0.17036070E+01  0.15173238E+01 -0.36307609E-01  0.99962233E+00 -0.41087742E+00  0.97596682E-01  0.45864157E+00  0.78137528E+00  0.11112146E+01     0
  0.87765418E-01 -0.17036070E+01  0.15173238E+01 -0.36307609E-01  0.10966372E+01 -0.76997753E+00  0.17663763E+00  0.57521434E+00  0.49767000E+00  0.18505998E+01     0
  0.87765418E-01 -0.17036070E+01  0.15173238E+01 -0.36307609E-01  0.57287693E+01 -0.64833227E+00 -0.16849555E+00  0.56680183E+01  0.49360000E+00  0.93726428E+01     0
  0.87765418E-01 -0.17036070E+01  0.15173238E+01 -0.36307609E-01  0.11791461E+02 -0.39207734E+00  0.89994947E-01  0.11760859E+02  0.74761409E+00  0.12705463E+02     0
  0.87765418E-01 -0.17036070E+01  0.15173238E+01 -0.36307609E-01  0.31513608E+01  0.28801384E+00  0.10431226E+00 -0.30360491E+01  0.78717742E+00  0.32904598E+01     0
  0.87765418E-01 -0.17036070E+01  0.15173238E+01 -0.36307609E-01  0.48517168E+01  0.37136689E+00  0.77373076E-01 -0.48057835E+01  0.54745000E+00  0.71776795E+01     0
  0.87765418E-01 -0.17036070E+01  0.15173238E+01 -0.36307609E-01  0.79381568E+01 -0.52979693E-01 -0.34006503E+00 -0.79150621E+01  0.49767000E+00  0.12848280E+02     0
  0.88633608E-01  0.17984730E+01  0.26390535E+01  0.14469561E-01  0.48154366E+01 -0.28108767E+00  0.55381342E+00 -0.46198326E+01  0.12082453E+01  0.32770170E+01     1
  0.88633608E-01  0.17984730E+01  0.26390535E+01  0.14469561E-01  0.19277526E+02 -0.89577151E+00  0.13495344E+01 -0.19160865E+02  0.13640448E+01  0.11394730E+02    -1
  0.88633608E-01  0.17984730E+01  0.26390535E+01  0.14469561E-01  0.15058498E+02  0.17777411E+00 -0.46050832E+00  0.14984882E+02  0.14028548E+01  0.86759789E+01     1
  0.88633608E-01  0.17984730E+01  0.26390535E+01  0.14469561E-01  0.14407254E+02 -0.64844640E+00 -0.10204637E+01  0.14325738E+02  0.93827000E+00  0.12372734E+02    -1
  0.88633608E-01  0.17984730E+01  0.26390535E+01  0.14469561E-01  0.27973360E+02 -0.10000575E+01 -0.14805005E+01  0.27888097E+02  0.12533690E+01  0.17943461E+02     1
  0.88633608E-01  0.17984730E+01  0.26390535E+01  0.14469561E-01  0.41005965E+01  0.42588638E+00  0.19890101E+01  0.34330579E+01  0.94417404E+00  0.35630748E+01     0
  0.88633608E-01  0.17984730E+01  0.26390535E+01  0.14469561E-01  0.13899016E+01  0.46690598E+00  0.54151357E+00  0.78627784E+00  0.89574301E+00  0.13299732E+01     0
  0.88633608E-01  0.17984730E+01  0.26390535E+01  0.14469561E-01  0.94185956E+00 -0.15669507E+00  0.31967517E+00  0.86074042E+00  0.13957000E+00  0.54872697E+01     0
  0.88633608E-01  0.17984730E+01  0.26390535E+01  0.14469561E-01  0.12902155E+01  0.49098771E+00  0.68827265E+00 -0.96456626E+00  0.13957000E+00  0.74840079E+01     0
  0.88633608E-01  0.17984730E+01  0.26390535E+01  0.14469561E-01  0.53568397E+00 -0.22048002E+00 -0.40116523E+00  0.24069182E+00  0.13957000E+00  0.31591156E+01     0
  0.88633608E-01  0.17984730E+01  0.26390535E+01  0.14469561E-01  0.59347755E+01 -0.30236713E+00  0.12264583E+01 -0.57426605E+01  0.80485051E+00  0.59876426E+01     0
  0.88633608E-01  0.17984730E+01  0.26390535E+01  0.14469561E-01  0.41679253E+00 -0.69119212E-01  0.30133599E+00  0.24218872E+00  0.13957000E+00  0.24776429E+01     0
  0.88633608E-01  0.17984730E+01  0.26390535E+01  0.14469561E-01  0.92781666E+00  0.73353739E+00 -0.18274625E+00 -0.52072148E+00  0.13498000E+00  0.55876211E+01     0
  0.88633608E-01  0.17984730E+01  0.26390535E+01  0.14469561E-01  0.88320361E+00 -0.12123181E+00  0.38522832E+00  0.56324871E+00  0.54745000E+00  0.13792773E+01     0
  0.88633608E-01  0.17984730E+01  0.26390535E+01  0.14469561E-01  0.56314663E+00  0.13206481E+00 -0.48949810E+00 -0.20150643E+00  0.13957000E+00  0.33165286E+01     0
  0.88633608E-01  0.17984730E+01  0.26390535E+01  0.14469561E-01  0.25665753E+00 -0.20132813E+00 -0.62914726E-01 -0.43612179E-01  0.13957000E+00  0.15597665E+01     0
  0.88633608E-01  0.17984730E+01  0.26390535E+01  0.14469561E-01  0.12904721E+01  0.16548612E+00 -0.41049692E-01  0.90721640E+00  0.90177932E+00  0.12334566E+01     0
  0.88633608E-01  0.17984730E+01  0.26390535E+01  0.14469561E-01  0.21216341E+01 -0.83842848E+00 -0.32019079E+00  0.16667283E+01  0.95805187E+00  0.18602572E+01     0
  0.88633608E-01  0.17984730E+01  0.26390535E+01  0.14469561E-01  0.73801231E+01 -0.29336376E+00 -0.14900294E+00  0.73235617E+01  0.85052760E+00  0.70303231E+01     0
  0.88633608E-01  0.17984730E+01  0.26390535E+01  0.14469561E-01  0.68855325E+01  0.29889689E+00  0.23001416E+00  0.68737786E+01  0.13957000E+00  0.39555754E+02     0
  0.88777700E-01 -0.10725218E+00  0.26801000E+01  0.99455979E-02  0.50655111E+01 -0.47022494E+00  0.20839342E+00  0.48963250E+01  0.11920000E+01  0.88671885E+02     1
  0.88777700E-01 -0.10725218E+00  0.26801000E+01  0.99455979E-02  0.12781767E+02 -0.22780360E+00  0.41591957E+00  0.12717028E+02  0.11941035E+01  0.39942647E+02    -1
  0.88777700E-01 -0.10725218E+00  0.26801000E+01  0.99455979E-02  0.12257571E+02  0.49321406E+00 -0.60986919E+00  0.12196434E+02  0.93800002E+00  0.27263867E+02     1
  0.88777700E-01 -0.10725218E+00  0.26801000E+01  0.99455979E-02  0.66594360E+01  0.10374544E+01 -0.42216855E+00  0.64311150E+01  0.13169320E+01  0.75797917E+02     0
  0.88777700E-01 -0.10725218E+00  0.26801000E+01  0.99455979E-02  0.29738687E+02  0.12096337E+01 -0.60473584E-01  0.29689261E+02  0.12125902E+01  0.69648273E+02     0
  0.88777700E-01 -0.10725218E+00  0.26801000E+01  0.99455979E-02  0.62191861E+00  0.19900773E-01  0.39027252E+00  0.46371336E+00  0.13800000E+00  0.14466817E+02     0
  0.88777700E-01 -0.10725218E+00  0.26801000E+01  0.99455979E-02  0.91197036E+00  0.29846993E+00  0.79601956E-01  0.84689147E+00  0.13800000E+00  0.14481768E+02     0
  0.88777700E-01 -0.10725218E+00  0.26801000E+01  0.99455979E-02  0.74648882E+01 -0.45412681E+00  0.19381801E+00  0.73569060E+01  0.11647718E+01  0.13812996E+02     0
  0.88777700E-01 -0.10725218E+00  0.26801000E+01  0.99455979E-02  0.59232667E+01  0.67386553E+00 -0.49860768E+00  0.55852555E+01  0.17853023E+01  0.88671885E+02     0
  0.91381051E-01  0.19381365E-01 -0.28091504E+01 -0.14837812E-01  0.78945088E+01  0.95183433E+00 -0.46191382E+00  0.76718246E+01  0.15319999E+01  0.10884430E+03     1
  0.91381051E-01  0.14183210E-01 -0.32703603E+01 -0.98270446E-02  0.85429901E+02 -0.63904537E+00  0.66974963E+00 -0.85419735E+02  0.93800002E+00  0.11121552E+03     1
  0.91381051E-01  0.14183210E-01 -0.32703603E+01 -0.98270446E-02  0.21358940E+01 -0.89501387E-01 -0.11939846E-01 -0.21295179E+01  0.13800000E+00  0.25404748E+02     0
  0.91381051E-01  0.14183210E-01 -0.32703603E+01 -0.98270446E-02  0.16577052E+02 -0.88052015E-01 -0.13200311E+00 -0.16547882E+02  0.97009150E+00  0.23684139E+02     0
  0.91381051E-01  0.14183210E-01 -0.32703603E+01 -0.98270446E-02  0.65728345E+01 -0.13820873E+00  0.27939876E+00 -0.63580310E+01  0.16372019E+01  0.73411244E+01     0
  0.91381051E-01  0.14183210E-01 -0.32703603E+01 -0.98270446E-02  0.87607541E+00  0.37435462E-01 -0.24316798E+00 -0.21404976E+00  0.81311669E+00  0.12664585E+01     0
  0.91563559E-01 -0.45125094E+00  0.23226125E+01  0.94902118E-02  0.30053222E+01  0.42529079E+00  0.74557928E-01  0.28223548E+01  0.93800002E+00  0.10386290E+03     1
  0.91563559E-01 -0.88436216E+00  0.24077547E+01  0.41557153E-01  0.58781656E+02 -0.21190698E+01  0.93571368E-01 -0.58735883E+02  0.93800002E+00  0.11730821E+03     1
  0.10173300E+00 -0.16794320E+01 -0.30303190E+00  0.17363647E-01  0.12228064E+02 -0.88363509E-01  0.32429068E-01  0.12160840E+02  0.12769779E+01  0.77623602E+01     1
  0.10173300E+00 -0.16794320E+01 -0.30303190E+00  0.17363647E-01  0.11517827E+02 -0.32639827E+00  0.30579861E+00 -0.11439859E+02  0.12609158E+01  0.74093275E+01    -1
  0.10173300E+00 -0.16794320E+01 -0.30303190E+00  0.17363647E-01  0.13172676E+02  0.27303146E+00 -0.22876789E+00 -0.13108235E+02  0.12516786E+01  0.85209399E+01     1
  0.10173300E+00 -0.16794320E+01 -0.30303190E+00  0.17363647E-01  0.34204297E+02 -0.12762259E+01 -0.14374072E+01 -0.34137350E+02  0.93827000E+00  0.29265447E+02     1
  0.10173300E+00 -0.16794320E+01 -0.30303190E+00  0.17363647E-01  0.17236140E+02  0.75338009E+00  0.10646236E+01  0.17186195E+02  0.13498000E+00  0.10225695E+03     0
  0.10173300E+00 -0.16794320E+01 -0.30303190E+00  0.17363647E-01  0.10924818E+01 -0.14218512E+00  0.21072398E+00  0.10532880E+01  0.13957000E+00  0.63637196E+01     0
  0.10173300E+00 -0.16794320E+01 -0.30303190E+00  0.17363647E-01  0.18707557E+02 -0.87863908E-01 -0.31819374E+00  0.18704124E+02  0.13957000E+00  0.10733141E+03     0
  0.10173300E+00 -0.16794320E+01 -0.30303190E+00  0.17363647E-01  0.35123552E+02  0.64085436E+00  0.11553032E+01  0.35090272E+02  0.76895450E+00  0.36643351E+02     0
  0.10173300E+00 -0.16794320E+01 -0.30303190E+00  0.17363647E-01  0.39022842E+01 -0.14315014E+00 -0.16952265E+00  0.38162101E+01  0.78430411E+00  0.40821117E+01     0
  0.10173300E+00 -0.16794320E+01 -0.30303190E+00  0.17363647E-01  0.31397729E+01 -0.11535128E+01  0.10028112E+01  0.26599665E+01  0.66822896E+00  0.38606517E+01     0
  0.10173300E+00 -0.16794320E+01 -0.30303190E+00  0.17363647E-01  0.54152086E+01  0.34228628E-02 -0.44863684E+00 -0.53687518E+01  0.54745000E+00  0.80150893E+01     0
  0.10173300E+00 -0.16794320E+01 -0.30303190E+00  0.17363647E-01  0.93895572E+00  0.11024763E+00  0.15240377E+00 -0.45864488E+00  0.79743418E+00  0.10437099E+01     0
  0.10173300E+00 -0.16794320E+01 -0.30303190E+00  0.17363647E-01  0.29973843E+01  0.45465216E-01 -0.31621891E+00  0.29772523E+01  0.13498000E+00  0.17866642E+02     0
  0.10173300E+00 -0.16794320E+01 -0.30303190E+00  0.17363647E-01  0.44181069E+01  0.33216342E+00  0.72850128E+00  0.43427114E+01  0.13957000E+00  0.25425839E+02     0
  0.10173300E+00 -0.16794320E+01 -0.30303190E+00  0.17363647E-01  0.72319725E+01  0.72299122E+00  0.18412169E-01  0.71528188E+01  0.78457335E+00  0.74759040E+01     0
  0.10173300E+00 -0.16794320E+01 -0.30303190E+00  0.17363647E-01  0.44516324E+00  0.27736982E+00  0.27620840E+00  0.16347969E+00  0.13498000E+00  0.27401282E+01     0
  0.10173300E+00 -0.16794320E+01 -0.30303190E+00  0.17363647E-01  0.10635599E+01 -0.20007294E-01 -0.10658272E+00  0.77358658E+00  0.72177784E+00  0.12805554E+01     0
  0.10173300E+00 -0.16794320E+01 -0.30303190E+00  0.17363647E-01  0.16924174E+01  0.34964828E+00  0.36811053E-01  0.14345142E+01  0.82633930E+00  0.17402052E+01     0
  0.10173300E+00 -0.16794320E+01 -0.30303190E+00  0.17363647E-01  0.10983538E+01  0.61757879E+00  0.36137345E-01 -0.11362791E+00  0.90042229E+00  0.10775896E+01     0
  0.10173300E+00 -0.16794320E+01 -0.30303190E+00  0.17363647E-01  0.23015602E+01  0.80109406E+00  0.17929102E+00 -0.19518564E+01  0.90196391E+00  0.21431098E+01     0
  0.10173300E+00 -0.16794320E+01 -0.30303190E+00  0.17363647E-01  0.23126245E+01 -0.30832079E-01 -0.22099541E+00 -0.22357865E+01  0.54745000E+00  0.34812190E+01     0
  0.10173300E+00 -0.16794320E+01 -0.30303190E+00  0.17363647E-01  0.94346410E+01  0.15256863E-02  0.96761368E+00 -0.93689098E+01  0.54745000E+00  0.13888769E+02     0
  0.10178393E+00  0.17979763E+01  0.26406205E+01  0.14780252E-02  0.12237720E+02 -0.13233473E+01  0.18362616E+01 -0.11974691E+02  0.11160001E+01  0.88285249E+01     1
  0.10178393E+00  0.23848950E+01  0.24784090E+01 -0.19396580E-01  0.62807132E+02  0.40897362E+00 -0.66602435E+00  0.62790379E+02  0.12219796E+01  0.11028462E+03     1
  0.10178393E+00  0.23848950E+01  0.24784090E+01 -0.19396580E-01  0.40913326E+02  0.44672236E+00  0.21272513E+00  0.40910101E+02  0.13800000E+00  0.47621201E+02     0
  0.10178393E+00  0.23848950E+01  0.24784090E+01 -0.19396580E-01  0.65462812E+01  0.41695049E-02 -0.47994560E-01  0.65446491E+01  0.13800000E+00  0.67183575E+01     0
  0.10550667E+00 -0.17043744E+01  0.15172836E+01 -0.18586870E-01  0.36233298E+02 -0.18697002E+01 -0.86483707E-01  0.36172763E+02  0.93800002E+00  0.38449545E+02     1
  0.10550667E+00 -0.17240327E+01  0.15891515E+01 -0.18930850E-01  0.29593397E+01 -0.24366383E+00 -0.69904587E-01 -0.27952797E+01  0.93800002E+00  0.67558419E+02     1
  0.10550667E+00 -0.17240327E+01  0.15891515E+01 -0.18930850E-01  0.22071983E+02  0.18479659E+00 -0.35891550E+00 -0.22030647E+02  0.12884413E+01  0.91143318E+02     0
  0.10550667E+00 -0.17240327E+01  0.15891515E+01 -0.18930850E-01  0.20411030E+01  0.65645457E+00  0.68774017E+00 -0.12316724E+01  0.13210470E+01  0.55641604E+02     0
  0.10550667E+00 -0.17240327E+01  0.15891515E+01 -0.18930850E-01  0.16357562E+01 -0.68835072E+00  0.42909674E-01 -0.70494985E+00  0.13050195E+01  0.51941539E+02     0
  0.10550667E+00 -0.17240327E+01  0.15891515E+01 -0.18930850E-01  0.27640842E+00 -0.56612724E-01 -0.21322626E+00  0.93205027E-01  0.13800000E+00  0.39233583E+02     0
  0.10550667E+00 -0.17240327E+01  0.15891515E+01 -0.18930850E-01  0.83129321E+00  0.32938517E+00  0.36126453E-01 -0.74980311E+00  0.13800000E+00  0.62181265E+02     0
  0.10550667E+00 -0.17240327E+01  0.15891515E+01 -0.18930850E-01  0.66022780E+01  0.24647144E+00 -0.72004368E+00 -0.63146318E+01  0.17709572E+01  0.63832106E+02     0
  0.10550667E+00 -0.17240327E+01  0.15891515E+01 -0.18930850E-01  0.16356239E+01 -0.44116150E+00  0.60162521E+00  0.10408362E+01  0.10175211E+01  0.33633017E+02     0
  0.10550667E+00 -0.17240327E+01  0.15891515E+01 -0.18930850E-01  0.65954918E+00  0.14108449E+00 -0.39860508E+00 -0.11035526E+00  0.49399999E+00  0.43257363E+02     0
  0.10550667E+00 -0.17240327E+01  0.15891515E+01 -0.18930850E-01  0.15710519E+01 -0.53011319E+00  0.65672873E+00  0.40272470E+00  0.12624200E+01  0.38792299E+02     0
  0.10550667E+00 -0.17240327E+01  0.15891515E+01 -0.18930850E-01  0.30486710E+01  0.12079088E+01  0.30104900E+00  0.23607935E+01  0.14735583E+01  0.35696846E+02     0
  0.10550667E+00 -0.17240327E+01  0.15891515E+01 -0.18930850E-01  0.54088747E+02 -0.60569851E+00 -0.30974870E+00 -0.54059693E+02  0.16368703E+01  0.67963990E+02     0
  0.10550667E+00 -0.17240327E+01  0.15891515E+01 -0.18930850E-01  0.24986417E+01 -0.17885444E+00 -0.27117610E+00  0.18345152E+01  0.16650041E+01  0.97491304E+01     0
  0.10903202E+00  0.87628743E+00  0.18325767E+01  0.41410704E-01  0.11457452E+02 -0.48206048E+00  0.15779398E+00  0.11288869E+02  0.18913944E+01  0.29367494E+02     1
  0.10903202E+00  0.87274094E+00  0.18378842E+01  0.62522795E-01  0.99601816E+02  0.15822684E+01 -0.15463685E+01  0.99554118E+02  0.21457987E+01  0.28508028E+01     1
