      4  10.407        38
  0.25766234E-01 -0.37691467E+00 -0.16321162E+01 -0.27484219E-01  0.86290924E+01 -0.50872883E+00  0.77516800E-01 -0.86126290E+01  0.13800000E+00  0.17361707E+02     0
  0.25766234E-01 -0.37691467E+00 -0.16321162E+01 -0.27484219E-01  0.87023816E+01 -0.77036971E-01 -0.13577460E+00 -0.86998869E+01  0.13800000E+00  0.87389384E+01     0
  0.35698867E-01  0.13170883E+01 -0.12877271E+01  0.15776220E-01  0.57608617E+02 -0.54583675E-01  0.65943191E+00  0.57587829E+02  0.13988714E+01  0.32981468E+02     1
  0.35698867E-01  0.13170883E+01 -0.12877271E+01  0.15776220E-01  0.50168419E+01 -0.22519748E+00 -0.95812943E-01  0.48753125E+01  0.11576428E+01  0.35026348E+01     1
  0.35698867E-01  0.13170883E+01 -0.12877271E+01  0.15776220E-01  0.45393903E+01  0.95643089E+00  0.14344766E+00  0.42779570E+01  0.11703891E+01  0.31385236E+01    -1
  0.35698867E-01  0.13170883E+01 -0.12877271E+01  0.15776220E-01  0.84168564E+00  0.23738596E+00 -0.27610640E+00  0.55591693E-01  0.75680740E+00  0.92542129E+00     0
  0.35698867E-01  0.13170883E+01 -0.12877271E+01  0.15776220E-01  0.12852715E+01 -0.69625477E-01  0.36910675E+00 -0.12212107E+01  0.13957000E+00  0.74027349E+01     0
  0.35698867E-01  0.13170883E+01 -0.12877271E+01  0.15776220E-01  0.13624917E+01 -0.72919471E+00 -0.99375486E-01 -0.26818751E+00  0.11148358E+01  0.10134154E+01     0
  0.35698867E-01  0.13170883E+01 -0.12877271E+01  0.15776220E-01  0.11486571E+01 -0.14624701E+00  0.33683836E+00 -0.76010188E+00  0.77898009E+00  0.12153512E+01     0
  0.35698867E-01  0.13170883E+01 -0.12877271E+01  0.15776220E-01  0.16921193E+01  0.18895554E+00 -0.30171045E+00 -0.16487312E+01  0.13498000E+00  0.10064558E+02     0
  0.35698867E-01  0.13170883E+01 -0.12877271E+01  0.15776220E-01  0.86728252E+00 -0.12125885E+00  0.33573891E+00  0.13445741E+00  0.77889400E+00  0.92648249E+00     0
  0.35698867E-01  0.13170883E+01 -0.12877271E+01  0.15776220E-01  0.20172606E+01  0.55868340E+00 -0.50015057E+00  0.17550104E+01  0.65345317E+00  0.25053609E+01     0
  0.35698867E-01  0.13170883E+01 -0.12877271E+01  0.15776220E-01  0.13916318E+01 -0.14020343E+00  0.90559326E+00  0.77750051E+00  0.70169502E+00  0.16222934E+01     0
  0.35698867E-01  0.13170883E+01 -0.12877271E+01  0.15776220E-01  0.67413567E+00 -0.31779663E+00 -0.27242056E+00  0.50967780E+00  0.13957000E+00  0.38997709E+01     0
  0.35698867E-01  0.13170883E+01 -0.12877271E+01  0.15776220E-01  0.26584983E+01 -0.16777715E+00 -0.22765858E+00  0.25961433E+01  0.49767000E+00  0.43092107E+01     0
  0.35698867E-01  0.13170883E+01 -0.12877271E+01  0.15776220E-01  0.76654843E+00  0.68531108E-01 -0.20952109E+00  0.72077813E+00  0.13957000E+00  0.44294708E+01     0
  0.35698867E-01  0.13170883E+01 -0.12877271E+01  0.15776220E-01  0.34253188E+01 -0.53371014E+00  0.57023207E+00  0.32898475E+01  0.54745000E+00  0.50411881E+01     0
  0.35698867E-01  0.13170883E+01 -0.12877271E+01  0.15776220E-01  0.12519710E+02  0.94812726E-01 -0.13363770E+00  0.12517860E+02  0.13957000E+00  0.71797312E+02     0
  0.35698867E-01  0.13170883E+01 -0.12877271E+01  0.15776220E-01  0.36197809E+01 -0.16676216E+00 -0.32032811E+00  0.35990158E+01  0.13957000E+00  0.20783888E+02     0
  0.35698867E-01  0.13170883E+01 -0.12877271E+01  0.15776220E-01  0.68375389E+00 -0.58012836E+00 -0.27376120E+00  0.19443683E+00  0.13498000E+00  0.40881742E+01     0
  0.35698867E-01  0.13170883E+01 -0.12877271E+01  0.15776220E-01  0.19779138E+01  0.13540230E+01 -0.20054948E+00  0.14209380E+01  0.13957000E+00  0.11372885E+02     0
  0.35698867E-01  0.13170883E+01 -0.12877271E+01  0.15776220E-01  0.15868394E+01  0.31175580E+00 -0.30685918E+00  0.13764339E+01  0.65736945E+00  0.19668374E+01     0
  0.35698867E-01  0.13170883E+01 -0.12877271E+01  0.15776220E-01  0.82551270E+00 -0.55937784E+00 -0.47465456E-01  0.18976995E+00  0.57471911E+00  0.11847996E+01     0
  0.35698867E-01  0.13170883E+01 -0.12877271E+01  0.15776220E-01  0.11745888E+01  0.28508599E+00 -0.58467885E+00 -0.81045288E+00  0.54745000E+00  0.17521497E+01     0
  0.35698867E-01  0.13170883E+01 -0.12877271E+01  0.15776220E-01  0.25858326E+01 -0.27211338E+00  0.62333969E+00 -0.23393069E+01  0.86693442E+00  0.24218841E+01     0
  0.35698867E-01  0.13170883E+01 -0.12877271E+01  0.15776220E-01  0.27573571E+01  0.47429442E+00 -0.44074970E+00 -0.25479481E+01  0.83172312E+00  0.26878864E+01     0
  0.35698867E-01  0.13170883E+01 -0.12877271E+01  0.15776220E-01  0.94696730E+01 -0.25778195E+00  0.81106962E+00 -0.94303204E+01  0.13957000E+00  0.54314831E+02     0
  0.35698867E-01  0.13170883E+01 -0.12877271E+01  0.15776220E-01  0.40782266E+02 -0.11246711E+00  0.77097644E+00 -0.40767288E+02  0.78385275E+00  0.41658074E+02     0
  0.37527041E-01 -0.37715608E+00 -0.16320326E+01 -0.39240219E-01  0.15292202E+02 -0.66825839E+00 -0.53925156E+00 -0.15204534E+02  0.13914867E+01  0.94651313E+02     1
  0.37527041E-01 -0.37715608E+00 -0.16320326E+01 -0.39240219E-01  0.53348343E+01  0.31392203E-01  0.57073788E+00 -0.52205254E+01  0.93800002E+00  0.15566138E+02    -1
  0.37527041E-01 -0.37715608E+00 -0.16320326E+01 -0.39240219E-01  0.19148496E+01 -0.27149476E+00 -0.85576782E+00 -0.97882357E+00  0.13793134E+01  0.11172862E+02     1
  0.37527041E-01 -0.37715608E+00 -0.16320326E+01 -0.39240219E-01  0.33438375E+02  0.84739852E-01 -0.48382487E+00 -0.33401188E+02  0.14981000E+01  0.61996923E+02     0
  0.37527041E-01 -0.37715608E+00 -0.16320326E+01 -0.39240219E-01  0.51614944E+01  0.35245451E+00  0.65656490E+00 -0.48577653E+01  0.15772887E+01  0.28879712E+02     0
  0.37527041E-01 -0.37715608E+00 -0.16320326E+01 -0.39240219E-01  0.25734509E+01  0.57854093E-01 -0.67194392E-01 -0.21956211E+01  0.13394161E+01  0.24226820E+02     0
  0.37527041E-01 -0.37715608E+00 -0.16320326E+01 -0.39240219E-01  0.29234249E+01 -0.76867665E+00 -0.15870401E-01 -0.27941156E+01  0.38498779E+00  0.21681821E+02     0
  0.37527041E-01 -0.37715608E+00 -0.16320326E+01 -0.39240219E-01  0.23366585E+01  0.75123942E+00 -0.64706207E+00 -0.18794598E+01  0.97188151E+00  0.19158553E+02     0
  0.37527041E-01 -0.37715608E+00 -0.16320326E+01 -0.39240219E-01  0.90042381E+00  0.19039862E+00  0.19144344E+00 -0.84783065E+00  0.13800000E+00  0.16863498E+02     0
  0.37527041E-01 -0.37715608E+00 -0.16320326E+01 -0.39240219E-01  0.75514464E+00 -0.44644305E+00  0.30336774E+00 -0.38354491E+00  0.36303353E+00  0.16984977E+02     0
  0.37527041E-01 -0.37715608E+00 -0.16320326E+01 -0.39240219E-01  0.65340182E+01 -0.41040654E+00  0.37891191E+00 -0.63833240E+01  0.12784991E+01  0.92551808E+01     0
  0.37527041E-01 -0.37715608E+00 -0.16320326E+01 -0.39240219E-01  0.15794896E+01  0.44730894E+00  0.27113532E+00  0.56635229E+00  0.13785619E+01  0.41768813E+01     0
  0.37527041E-01 -0.37715608E+00 -0.16320326E+01 -0.39240219E-01  0.14969648E+01  0.45696687E-02 -0.33247282E+00 -0.55050125E+00  0.13517740E+01  0.94651313E+02     0
  0.37527041E-01 -0.30487281E+00 -0.25422836E+01 -0.43217287E-01  0.14594556E+02  0.32143379E-01  0.44758751E+00  0.14492409E+02  0.16642643E+01  0.48420682E+02     0
  0.37527041E-01 -0.30487281E+00 -0.25422836E+01 -0.43217287E-01  0.21319296E+02 -0.36714393E+00  0.42560224E+00  0.21275899E+02  0.12379689E+01  0.33895003E+02     0
  0.37527041E-01 -0.30487281E+00 -0.25422836E+01 -0.43217287E-01  0.79972057E+01 -0.50549659E-01  0.19918120E+00  0.79583597E+01  0.75998820E+00  0.12669381E+02     0
  0.37527041E-01 -0.30487281E+00 -0.25422836E+01 -0.43217287E-01  0.45571656E+01 -0.12051640E+00  0.25351695E-01  0.45534105E+01  0.13800000E+00  0.46952602E+01     0
  0.41610598E-01 -0.49036168E+00  0.32311685E+01 -0.23417941E-01  0.15260909E+02  0.70735455E+00  0.23032615E-01  0.15243865E+02  0.13800000E+00  0.15392199E+02     0
  0.41610598E-01 -0.12742536E+01  0.28868374E+01 -0.23417941E-01  0.16683414E+02 -0.16171714E+00 -0.29740126E+00 -0.16529396E+02  0.22362391E+01  0.62559199E+02     0
  0.41610598E-01 -0.12742536E+01  0.28868374E+01 -0.23417941E-01  0.43204723E+01  0.30794783E+00  0.41886889E+00 -0.42605354E+01  0.49399999E+00  0.46003734E+02     0
  0.41610598E-01 -0.12742536E+01  0.28868374E+01 -0.23417941E-01  0.11397934E+02 -0.16969238E+00  0.13173399E+00 -0.11385197E+02  0.49399999E+00  0.41840518E+02     0
  0.41610598E-01 -0.12742536E+01  0.28868374E+01 -0.23417941E-01  0.37566067E+01 -0.11682675E+00 -0.52724260E+00 -0.37150258E+01  0.13800000E+00  0.30421040E+02     0
  0.41610598E-01 -0.12742536E+01  0.28868374E+01 -0.23417941E-01  0.17610893E+02 -0.42945430E+00  0.49989212E-01 -0.17588488E+02  0.77571043E+00  0.26764572E+02     0
  0.41610598E-01 -0.12742536E+01  0.28868374E+01 -0.23417941E-01  0.89636755E+01  0.58000147E-01  0.38573356E+00 -0.88681285E+01  0.12456407E+01  0.92069235E+01     0
  0.43747280E-01  0.13170012E+01 -0.12881257E+01  0.77512619E-02  0.69250140E+01  0.17627487E-01 -0.12236142E+01 -0.66740408E+01  0.13839999E+01  0.22574729E+02     1
  0.43747280E-01  0.13318341E+01 -0.11840171E+01  0.50889052E-02  0.59961424E+02 -0.52771180E+00  0.13554032E+01  0.59931533E+02  0.12116404E+01  0.11527554E+03     1
  0.43747280E-01  0.13170012E+01 -0.12881257E+01  0.77512619E-02  0.81493037E+01  0.30859593E+00 -0.20627170E+01 -0.78623840E+01  0.49399999E+00  0.15485495E+02     0
  0.43747280E-01  0.13170012E+01 -0.12881257E+01  0.77512619E-02  0.74206519E+01  0.51821101E+00 -0.14502270E+01 -0.72577772E+01  0.13800000E+00  0.14069096E+02     0
  0.43747280E-01  0.13318341E+01 -0.11840171E+01  0.50889052E-02  0.82520777E+01  0.84193844E-01  0.15624155E+00  0.82490146E+01  0.13800000E+00  0.54879982E+02     0
  0.43747280E-01  0.13318341E+01 -0.11840171E+01  0.50889052E-02  0.43644544E+02 -0.78232788E+00  0.25184127E+01  0.43557640E+02  0.78976160E+00  0.46361350E+02     0
  0.43747280E-01  0.13318341E+01 -0.11840171E+01  0.50889052E-02  0.35568503E+01  0.15014735E+00 -0.33446166E+00  0.33862095E+01  0.10248711E+01  0.44446347E+01     0
  0.44909664E-01 -0.44029501E+00 -0.21231902E+01 -0.11384697E-02  0.15358580E+01  0.10003505E+01 -0.26099103E+00 -0.64007172E+00  0.93827000E+00  0.13544329E+01    -1
  0.44909664E-01 -0.44029501E+00 -0.21231902E+01 -0.11384697E-02  0.21426941E+01 -0.11810255E+01 -0.63075397E+00 -0.13849605E+01  0.93827000E+00  0.18718414E+01     1
  0.44909664E-01 -0.44029501E+00 -0.21231902E+01 -0.11384697E-02  0.64623491E+01  0.46700976E-01  0.65582519E+00  0.63915382E+01  0.69130832E+00  0.75233084E+01     0
  0.44909664E-01 -0.44029501E+00 -0.21231902E+01 -0.11384697E-02  0.70170095E+01  0.64263420E-01 -0.21849133E+00  0.69871844E+01  0.60482098E+00  0.93263463E+01     0
  0.44909664E-01 -0.44029501E+00 -0.21231902E+01 -0.11384697E-02  0.76706543E+01 -0.66206564E+00  0.39304581E+00  0.76307209E+01  0.13498000E+00  0.45507374E+02     0
  0.44909664E-01 -0.44029501E+00 -0.21231902E+01 -0.11384697E-02  0.16557240E+01 -0.68671528E-01  0.25160780E+00  0.16290856E+01  0.13957000E+00  0.95353386E+01     0
  0.44909664E-01 -0.44029501E+00 -0.21231902E+01 -0.11384697E-02  0.12232993E+01 -0.28266889E+00  0.30961302E+00  0.84782704E+00  0.77581469E+00  0.13063441E+01     0
  0.44909664E-01 -0.44029501E+00 -0.21231902E+01 -0.11384697E-02  0.46332366E+01  0.38635358E+00 -0.75863672E+00 -0.44863285E+01  0.78418014E+00  0.47716160E+01     0
  0.44909664E-01 -0.44029501E+00 -0.21231902E+01 -0.11384697E-02  0.10032469E+01  0.14774283E+00  0.92326825E-01 -0.97809634E+00  0.13957000E+00  0.57954115E+01     0
  0.44909664E-01 -0.44029501E+00 -0.21231902E+01 -0.11384697E-02  0.67816853E+01 -0.65567933E+00 -0.10267834E+00 -0.67145427E+01  0.68243280E+00  0.79949207E+01     0
  0.44909664E-01 -0.44029501E+00 -0.21231902E+01 -0.11384697E-02  0.10102960E+02  0.24464442E+00  0.48258610E+00 -0.10058390E+02  0.77836273E+00  0.10428716E+02     0
  0.44909664E-01 -0.44029501E+00 -0.21231902E+01 -0.11384697E-02  0.20620658E+01  0.24135673E+00 -0.85166894E-01  0.20416633E+01  0.13498000E+00  0.12266369E+02     0
  0.44909664E-01 -0.44029501E+00 -0.21231902E+01 -0.11384697E-02  0.56789635E+00 -0.19726893E+00 -0.24857080E+00  0.44980441E+00  0.13957000E+00  0.33000295E+01     0
  0.44909664E-01 -0.44029501E+00 -0.21231902E+01 -0.11384697E-02  0.10220564E+01 -0.10289699E+00  0.49956264E+00 -0.14873774E+00  0.87311272E+00  0.98138113E+00     0
  0.44909664E-01 -0.44029501E+00 -0.21231902E+01 -0.11384697E-02  0.28423645E+01  0.71761776E+00 -0.85974727E+00  0.26087191E+01  0.13957000E+00  0.16337032E+02     0
  0.44909664E-01 -0.44029501E+00 -0.21231902E+01 -0.11384697E-02  0.69324744E+01  0.29942861E+00  0.37022188E-01 -0.68761408E+01  0.82877086E+00  0.67367226E+01     0
  0.44909664E-01 -0.44029501E+00 -0.21231902E+01 -0.11384697E-02  0.13035511E+02  0.37471882E+00  0.53614672E+00 -0.12991096E+02  0.85329381E+00  0.12266268E+02     0
  0.44909664E-01 -0.44029501E+00 -0.21231902E+01 -0.11384697E-02  0.11091414E+02 -0.35311545E+00 -0.29958328E+00 -0.11080921E+02  0.13498000E+00  0.65781546E+02     0
  0.44909664E-01 -0.44029501E+00 -0.21231902E+01 -0.11384697E-02  0.20587913E+01 -0.28475189E+00 -0.54377061E+00  0.18393214E+01  0.69191643E+00  0.24253027E+01     0
  0.44909664E-01 -0.44029501E+00 -0.21231902E+01 -0.11384697E-02  0.45453382E+01  0.99808104E-01  0.12104384E+00  0.44579477E+01  0.87303359E+00  0.42100077E+01     0
  0.44909664E-01 -0.44029501E+00 -0.21231902E+01 -0.11384697E-02  0.30670659E+01 -0.91373064E-01  0.73045038E+00  0.29266508E+01  0.54745000E+00  0.45268764E+01     0
  0.44909664E-01 -0.44029501E+00 -0.21231902E+01 -0.11384697E-02  0.11970349E+01  0.54566156E+00 -0.35432345E+00  0.37182373E+00  0.93346023E+00  0.10708001E+01     0
  0.45701853E-01 -0.96135864E+00  0.27704230E+01 -0.31636893E-01  0.13243010E+01 -0.77399436E+00 -0.18303814E+00  0.48827370E+00  0.93957000E+00  0.11732824E+01     1
  0.45701853E-01 -0.96135864E+00  0.27704230E+01 -0.31636893E-01  0.11357732E+01  0.55872225E-01  0.62102366E+00  0.14435415E+00  0.93827000E+00  0.10140996E+01    -1
  0.45701853E-01 -0.96135864E+00  0.27704230E+01 -0.31636893E-01  0.28417834E+02 -0.14635103E-01 -0.12062591E+00  0.28387247E+02  0.13125429E+01  0.11495034E+03     1
  0.45701853E-01 -0.96135864E+00  0.27704230E+01 -0.31636893E-01  0.86783752E+01  0.22530981E+00  0.14839097E+00 -0.85601929E+01  0.14016092E+01  0.11495034E+03     1
  0.45701853E-01 -0.96135864E+00  0.27704230E+01 -0.31636893E-01  0.12215491E+01 -0.44240723E+00  0.57063536E+00 -0.81922636E+00  0.54745000E+00  0.11495034E+03     0
  0.45701853E-01 -0.96135864E+00  0.27704230E+01 -0.31636893E-01  0.10566847E+01 -0.66839089E+00 -0.23745064E+00 -0.77151394E+00  0.13498000E+00  0.63084649E+01     0
  0.45701853E-01 -0.96135864E+00  0.27704230E+01 -0.31636893E-01  0.92459021E+00 -0.18259309E+00  0.74934780E+00  0.49171648E+00  0.13498000E+00  0.55255668E+01     0
  0.45701853E-01 -0.96135864E+00  0.27704230E+01 -0.31636893E-01  0.51663315E+00 -0.24170905E+00  0.12441359E+00 -0.41656695E+00  0.13957000E+00  0.30069867E+01     0
  0.45701853E-01 -0.96135864E+00  0.27704230E+01 -0.31636893E-01  0.56041746E+01  0.15525225E+00  0.32861445E+00  0.55907479E+01  0.13498000E+00  0.33260546E+02     0
  0.45701853E-01 -0.96135864E+00  0.27704230E+01 -0.31636893E-01  0.16008897E+02 -0.63239274E+00 -0.11127651E+00  0.15967315E+02  0.95777716E+00  0.13417411E+02     0
  0.45701853E-01 -0.96135864E+00  0.27704230E+01 -0.31636893E-01  0.22403079E+02 -0.36390280E+00 -0.23058248E+00  0.22383026E+02  0.84410647E+00  0.11495034E+03     0
  0.45701853E-01 -0.96135864E+00  0.27704230E+01 -0.31636893E-01  0.33693178E+02 -0.64596527E-01  0.59173686E+00 -0.33683471E+02  0.54745000E+00  0.11495034E+03     0
  0.45701853E-01 -0.96135864E+00  0.27704230E+01 -0.31636893E-01  0.12982740E+01  0.25937946E+00 -0.19240337E+00 -0.90060784E+00  0.87756724E+00  0.12292228E+01     0
  0.45701853E-01 -0.96135864E+00  0.27704230E+01 -0.31636893E-01  0.52484668E+00  0.20159345E+00 -0.24590669E+00 -0.39354064E+00  0.13957000E+00  0.30540657E+01     0
  0.45701853E-01 -0.96135864E+00  0.27704230E+01 -0.31636893E-01  0.29781414E+01 -0.19073809E+00  0.17279314E+00 -0.28276256E+01  0.89867738E+00  0.26968347E+01     0
  0.45701853E-01 -0.96135864E+00  0.27704230E+01 -0.31636893E-01  0.16704978E+01  0.11156465E+01 -0.56667270E+00 -0.45236827E+00  0.10100203E+01  0.13688419E+01     0
  0.45701853E-01 -0.96135864E+00  0.27704230E+01 -0.31636893E-01  0.10273368E+01  0.14770787E-01  0.12575931E+00 -0.41589887E+00  0.93081438E+00  0.92865923E+00     0
  0.45701853E-01 -0.96135864E+00  0.27704230E+01 -0.31636893E-01  0.12775472E+01 -0.30715109E+00 -0.11163783E+00  0.10493335E+01  0.65132269E+00  0.16148745E+01     0
  0.45701853E-01 -0.96135864E+00  0.27704230E+01 -0.31636893E-01  0.11834759E+02 -0.33490115E-01 -0.17675860E+00  0.11807320E+02  0.78507851E+00  0.12105396E+02     0
  0.45701853E-01 -0.96135864E+00  0.27704230E+01 -0.31636893E-01  0.74940660E+01  0.19365060E+00 -0.39669217E+00  0.74647518E+01  0.49360000E+00  0.12191676E+02     0
  0.45701853E-01 -0.96135864E+00  0.27704230E+01 -0.31636893E-01  0.48711978E+01  0.67627246E+00 -0.17017784E+00  0.47370665E+01  0.89580368E+00  0.43959388E+01     0
  0.45701853E-01 -0.96135864E+00  0.27704230E+01 -0.31636893E-01  0.27170019E+01 -0.35875324E+00 -0.23115985E+00  0.26796419E+01  0.13957000E+00  0.11495034E+03     0
  0.49761995E-01  0.10932581E+00  0.24175652E+01  0.85515268E-02  0.13734096E+01 -0.67444909E+00 -0.39024032E+00  0.62951805E+00  0.93957000E+00  0.12191561E+01    -1
  0.49761995E-01  0.10932581E+00  0.24175652E+01  0.85515268E-02  0.14201402E+01  0.59449989E+00  0.58665473E+00 -0.27287818E+00  0.11156800E+01  0.10680757E+01     1
  0.49761995E-01  0.10932581E+00  0.24175652E+01  0.85515268E-02  0.55721656E+02 -0.80395698E+00  0.53846846E+00 -0.55700243E+02  0.12039954E+01  0.37074260E+02     1
  0.49761995E-01  0.10932581E+00  0.24175652E+01  0.85515268E-02  0.27561121E+02 -0.25279116E+00 -0.24936430E-02  0.27559608E+02  0.13957000E+00  0.15802710E+03     0
  0.49761995E-01  0.10932581E+00  0.24175652E+01  0.85515268E-02  0.74364807E+01 -0.14027097E+00 -0.40866078E+00  0.74226064E+01  0.13957000E+00  0.42674857E+02     0
  0.49761995E-01  0.10932581E+00  0.24175652E+01  0.85515268E-02  0.24806158E+01 -0.13992350E+00  0.38448508E+00  0.22514062E+01  0.95771469E+00  0.21218745E+01     0
  0.49761995E-01  0.10932581E+00  0.24175652E+01  0.85515268E-02  0.19514059E+00  0.12268906E-01  0.12853853E+00  0.56458584E-01  0.13498000E+00  0.12063220E+01     0
  0.49761995E-01  0.10932581E+00  0.24175652E+01  0.85515268E-02  0.74564367E+00 -0.37954746E+00 -0.31756399E+00  0.54000142E+00  0.13957000E+00  0.43237101E+01     0
  0.49761995E-01  0.10932581E+00  0.24175652E+01  0.85515268E-02  0.97649039E+00  0.63442576E+00  0.37240102E+00  0.62679752E+00  0.13957000E+00  0.56468983E+01     0
  0.49761995E-01  0.10932581E+00  0.24175652E+01  0.85515268E-02  0.49460357E+00  0.19890926E-01 -0.23567594E-01  0.63758716E-02  0.49360000E+00  0.85138853E+00     0
  0.49761995E-01  0.10932581E+00  0.24175652E+01  0.85515268E-02  0.17227256E+01 -0.17247938E+00 -0.56660445E+00 -0.14032545E+01  0.80490409E+00  0.17619914E+01     0
  0.49761995E-01  0.10932581E+00  0.24175652E+01  0.85515268E-02  0.51130331E+00  0.10161302E+00  0.13859102E+00 -0.46088894E+00  0.13957000E+00  0.29804967E+01     0
  0.49761995E-01  0.10932581E+00  0.24175652E+01  0.85515268E-02  0.94367068E+00 -0.25080552E+00 -0.58576492E-01 -0.44323246E+00  0.79229081E+00  0.10026148E+01     0
  0.49761995E-01  0.10932581E+00  0.24175652E+01  0.85515268E-02  0.34605271E+01  0.79372800E-01  0.73231115E+00 -0.32427405E+01  0.95775887E+00  0.29402825E+01     0
  0.49761995E-01  0.10932581E+00  0.24175652E+01  0.85515268E-02  0.32380528E+01  0.19264787E+00 -0.32620885E+00 -0.32127839E+01  0.13957000E+00  0.18609927E+02     0
  0.49761995E-01  0.10932581E+00  0.24175652E+01  0.85515268E-02  0.60722184E+01 -0.23266684E+00 -0.89926598E-01 -0.60655912E+01  0.13498000E+00  0.36038610E+02     0
  0.49761995E-01  0.10932581E+00  0.24175652E+01  0.85515268E-02  0.24720955E+02 -0.53201390E+00  0.73680042E-01 -0.24702701E+02  0.78337401E+00  0.25295383E+02     0
  0.49761995E-01  0.10932581E+00  0.24175652E+01  0.85515268E-02  0.27562284E+01 -0.36172877E+00  0.64814001E+00  0.25440696E+01  0.75734514E+00  0.29612254E+01     0
  0.49761995E-01  0.10932581E+00  0.24175652E+01  0.85515268E-02  0.10062693E+01  0.23091566E+00 -0.65003196E+00  0.48683955E+00  0.54745000E+00  0.15202441E+01     0
  0.49761995E-01  0.10932581E+00  0.24175652E+01  0.85515268E-02  0.74527087E+01 -0.28354303E-01  0.41496259E+00  0.73578917E+01  0.11096392E+01  0.54228299E+01     0
  0.49761995E-01  0.10932581E+00  0.24175652E+01  0.85515268E-02  0.44691843E+01 -0.61316510E+00 -0.33578913E+00  0.43422953E+01  0.79331844E+00  0.45565871E+01     0
  0.49761995E-01  0.10932581E+00  0.24175652E+01  0.85515268E-02  0.70635123E+01 -0.22116967E+00 -0.28530536E+00  0.69959408E+01  0.90537469E+00  0.62911667E+01     0
  0.49761995E-01  0.10932581E+00  0.24175652E+01  0.85515268E-02  0.26211469E+01  0.16044259E+00 -0.63692358E-01  0.25676715E+01  0.49767000E+00  0.42632318E+01     0
  0.49761995E-01  0.10932581E+00  0.24175652E+01  0.85515268E-02  0.16903180E+01 -0.63274713E-01  0.48852339E+00  0.15384540E+01  0.49767000E+00  0.27669328E+01     0
  0.49761995E-01  0.10932581E+00  0.24175652E+01  0.85515268E-02  0.27385675E+01 -0.10821132E+00 -0.52276791E+00  0.26402869E+01  0.49360000E+00  0.44882830E+01     0
  0.49761995E-01  0.10932581E+00  0.24175652E+01  0.85515268E-02  0.23760258E+01  0.15096143E+00 -0.55243151E-02  0.23671078E+01  0.13957000E+00  0.13668883E+02     0
  0.49761995E-01  0.10932581E+00  0.24175652E+01  0.85515268E-02  0.10332344E+01  0.47013203E+00 -0.57585387E+00  0.17832308E+00  0.69508443E+00  0.12389521E+01     0
  0.49761995E-01  0.10932581E+00  0.24175652E+01  0.85515268E-02  0.55349429E+00  0.42551622E-01 -0.54761577E-01 -0.24063561E+00  0.49360000E+00  0.94683540E+00     0
  0.49761995E-01  0.10932581E+00  0.24175652E+01  0.85515268E-02  0.70972427E+00 -0.98547102E-01  0.20222255E+00  0.45767028E+00  0.49360000E+00  0.12000444E+01     0
  0.49761995E-01  0.10932581E+00  0.24175652E+01  0.85515268E-02  0.24228875E+01  0.76671139E+00 -0.21085581E+00 -0.21545134E+01  0.77210715E+00  0.25601778E+01     0
  0.49761995E-01  0.10932581E+00  0.24175652E+01  0.85515268E-02  0.69195810E+00 -0.97117318E-01  0.41264036E-02 -0.67072903E+00  0.13957000E+00  0.40159903E+01     0
  0.49761995E-01  0.10932581E+00  0.24175652E+01  0.85515268E-02  0.35088156E+01  0.12077897E+01  0.41037009E-01 -0.32091268E+01  0.74354009E+00  0.38250156E+01     0
  0.49761995E-01  0.10932581E+00  0.24175652E+01  0.85515268E-02  0.44146624E+01 -0.53412232E+00 -0.21935574E+00 -0.43745126E+01  0.13957000E+00  0.25354125E+02     0
  0.49761995E-01  0.10932581E+00  0.24175652E+01  0.85515268E-02  0.48018215E+01  0.95258849E+00  0.21175575E+00 -0.46995472E+01  0.13957000E+00  0.27573278E+02     0
  0.49761995E-01  0.10932581E+00  0.24175652E+01  0.85515268E-02  0.41420772E+01  0.31747600E+00 -0.12470259E+00 -0.41256492E+01  0.13957000E+00  0.23791696E+02     0
  0.51263322E-01  0.32203136E+01  0.17237155E+01  0.22277006E-01  0.10286513E+01 -0.25651674E+00  0.28781548E-01  0.33414092E+00  0.93800002E+00  0.11164334E+02    -1
  0.51263322E-01  0.32203136E+01  0.17237155E+01  0.22277006E-01  0.29698502E+01  0.16820523E+00 -0.43718554E+00 -0.27786223E+01  0.93800002E+00  0.12612927E+02     1
  0.51263322E-01  0.32203136E+01  0.17237155E+01  0.22277006E-01  0.26243534E+01 -0.14681696E+01  0.33149673E-01 -0.18437611E+01  0.11537570E+01  0.59122037E+02     0
  0.51263322E-01  0.32203136E+01  0.17237155E+01  0.22277006E-01  0.14214212E+02  0.43817570E+00 -0.11956428E+00 -0.14176770E+02  0.92559496E+00  0.59019131E+02     0
  0.51263322E-01  0.32203136E+01  0.17237155E+01  0.22277006E-01  0.15904051E+02  0.51936283E+00  0.52467879E+00 -0.15879183E+02  0.49533307E+00  0.44847142E+02     0
  0.51263322E-01  0.32203136E+01  0.17237155E+01  0.22277006E-01  0.61111276E+01  0.41667455E+00  0.61254687E+00 -0.58396919E+01  0.16416599E+01  0.28972381E+02     0
  0.51263322E-01  0.32203136E+01  0.17237155E+01  0.22277006E-01  0.78855448E+01 -0.35732831E+00 -0.11833595E+01 -0.76801400E+01  0.12919916E+01  0.23204285E+02     0
  0.51263322E-01  0.32203136E+01  0.17237155E+01  0.22277006E-01  0.14067464E+01  0.98811203E+00  0.22281197E-01 -0.59537929E+00  0.80473416E+00  0.14969353E+02     0
  0.51263322E-01  0.32203136E+01  0.17237155E+01  0.22277006E-01  0.41219097E+01 -0.11600246E+01  0.11788270E+01 -0.34419517E+01  0.15517144E+01  0.15122070E+02     0
  0.51263322E-01  0.32203136E+01  0.17237155E+01  0.22277006E-01  0.45206607E+00 -0.21748570E+00  0.97851687E-01  0.35839190E+00  0.13800000E+00  0.99925245E+01     0
  0.51263322E-01  0.32203136E+01  0.17237155E+01  0.22277006E-01  0.12871435E+01  0.36279906E+00 -0.97270671E+00 -0.74827334E+00  0.13800000E+00  0.96857707E+01     0
  0.51263322E-01  0.32203136E+01  0.17237155E+01  0.22277006E-01  0.22286739E+01 -0.10471254E-01  0.95399700E+00  0.18324256E+01  0.83605273E+00  0.95869693E+01     0
  0.51263322E-01  0.32203136E+01  0.17237155E+01  0.22277006E-01  0.19212357E+01 -0.33702560E-01 -0.71027623E+00  0.10113765E+01  0.14705903E+01  0.11238112E+02     0
  0.51263322E-01  0.32203136E+01  0.17237155E+01  0.22277006E-01  0.11307058E+01  0.24931849E+00  0.44082655E+00  0.93154039E-01  0.10066431E+01  0.12043151E+02     0
  0.51263322E-01  0.32203136E+01  0.17237155E+01  0.22277006E-01  0.25485165E+01  0.96814305E-01 -0.10123620E+00  0.21684573E+01  0.13315809E+01  0.13099204E+02     0
  0.51263322E-01  0.32203136E+01  0.17237155E+01  0.22277006E-01  0.31101698E+01 -0.21866100E+00 -0.64026242E+00  0.27455859E+01  0.12950544E+01  0.15865854E+02     0
  0.51263322E-01  0.32203136E+01  0.17237155E+01  0.22277006E-01  0.20353058E+01 -0.21761080E+00  0.82643292E+00  0.16638015E+01  0.80242648E+00  0.17707170E+02     0
  0.51263322E-01  0.32203136E+01  0.17237155E+01  0.22277006E-01  0.17390069E+01 -0.10663773E+00  0.17443390E-01  0.24988175E+00  0.17175647E+01  0.19881399E+02     0
  0.51263322E-01  0.32203136E+01  0.17237155E+01  0.22277006E-01  0.20417595E+01 -0.26283860E+00  0.36117142E+00  0.15564251E+01  0.12437017E+01  0.19891079E+02     0
  0.51263322E-01  0.32203136E+01  0.17237155E+01  0.22277006E-01  0.30172171E+01  0.46180018E+00 -0.49873972E+00 -0.26454279E+01  0.12819165E+01  0.23735184E+02     0
  0.53645743E-01  0.32647584E+01  0.12259353E+01  0.19290766E-01  0.18177998E+01 -0.48538229E+00 -0.70129091E+00  0.97767426E+00  0.12732416E+01  0.11958012E+01     1
  0.53645743E-01  0.32647584E+01  0.12259353E+01  0.19290766E-01  0.15198773E+02 -0.70915954E+00 -0.34461273E+00  0.15125561E+02  0.12642932E+01  0.96708916E+01    -1
  0.53645743E-01  0.32647584E+01  0.12259353E+01  0.19290766E-01  0.24374252E+02 -0.60470291E+00  0.33010013E+00  0.24346441E+02  0.93827000E+00  0.10620144E+03     1
  0.53645743E-01  0.32647584E+01  0.12259353E+01  0.19290766E-01  0.23665762E+02  0.37595810E+00  0.15985483E+01 -0.23583160E+02  0.10982567E+01  0.10620144E+03     1
  0.53645743E-01  0.32647584E+01  0.12259353E+01  0.19290766E-01  0.10855073E+01  0.14143349E+00 -0.51690441E+00  0.10383587E+00  0.93827000E+00  0.97918512E+00    -1
  0.53645743E-01  0.32647584E+01  0.12259353E+01  0.19290766E-01  0.15481168E+01  0.12252519E+01  0.10997549E+00  0.23177748E-01  0.93957000E+00  0.13717950E+01     1
  0.53645743E-01  0.32647584E+01  0.12259353E+01  0.19290766E-01  0.11188383E+01  0.22297953E+00 -0.55181325E-01 -0.10866530E+01  0.13498000E+00  0.10620144E+03     0
  0.53645743E-01  0.32647584E+01  0.12259353E+01  0.19290766E-01  0.67365045E+01  0.10164437E+01 -0.59348326E+00 -0.65541034E+01  0.10192360E+01  0.53411392E+01     0
  0.53645743E-01  0.32647584E+01  0.12259353E+01  0.19290766E-01  0.18221948E+01  0.23654651E+00  0.29341301E+00 -0.15413450E+01  0.89588171E+00  0.16808202E+01     0
  0.53645743E-01  0.32647584E+01  0.12259353E+01  0.19290766E-01  0.12884499E+01 -0.50003619E+00 -0.30283688E+00  0.37725331E-01  0.11475772E+01  0.95185099E+00     0
  0.53645743E-01  0.32647584E+01  0.12259353E+01  0.19290766E-01  0.25959872E+01 -0.38677653E+00 -0.12628796E+01  0.21129079E+01  0.72822299E+00  0.29055054E+01     0
  0.53645743E-01  0.32647584E+01  0.12259353E+01  0.19290766E-01  0.88136736E+01 -0.67421986E+00  0.33334133E-01  0.87866762E+01  0.13957000E+00  0.50572660E+02     0
  0.53645743E-01  0.32647584E+01  0.12259353E+01  0.19290766E-01  0.35861116E+01  0.72916673E-02  0.26109196E+00  0.35738627E+01  0.13957000E+00  0.20608846E+02     0
  0.53645743E-01  0.32647584E+01  0.12259353E+01  0.19290766E-01  0.28392332E+02 -0.33398141E+00 -0.37053038E-01  0.28379568E+02  0.78214577E+00  0.29094097E+02     0
  0.53645743E-01  0.32647584E+01  0.12259353E+01  0.19290766E-01  0.10724664E+01 -0.23162336E+00  0.55237679E+00  0.87931509E+00  0.13498000E+00  0.64099437E+01     0
  0.53645743E-01  0.32647584E+01  0.12259353E+01  0.19290766E-01  0.68392926E+00 -0.56168304E+00 -0.35187023E+00  0.10118861E+00  0.13498000E+00  0.41071604E+01     0
  0.53645743E-01  0.32647584E+01  0.12259353E+01  0.19290766E-01  0.12000077E+01  0.70962196E+00  0.11944028E+00  0.95011022E+00  0.13957000E+00  0.69319589E+01     0
  0.53645743E-01  0.32647584E+01  0.12259353E+01  0.19290766E-01  0.59174764E+00 -0.23751486E+00 -0.65466625E-01  0.51960206E+00  0.13957000E+00  0.34454786E+01     0
  0.53645743E-01  0.32647584E+01  0.12259353E+01  0.19290766E-01  0.52259266E+01 -0.52345773E+00  0.11299414E+00 -0.51966637E+01  0.13498000E+00  0.10620144E+03     0
  0.53645743E-01  0.32647584E+01  0.12259353E+01  0.19290766E-01  0.18403793E+01  0.14663983E+01 -0.26128053E+00 -0.10718791E+01  0.13957000E+00  0.10602499E+02     0
  0.53645743E-01  0.32647584E+01  0.12259353E+01  0.19290766E-01  0.72476748E+00  0.49765588E+00  0.49397366E+00  0.11889812E+00  0.13957000E+00  0.42079338E+01     0
  0.53645743E-01  0.32647584E+01  0.12259353E+01  0.19290766E-01  0.89921882E+00 -0.20259489E+00 -0.44672091E-01  0.31443063E+00  0.81650939E+00  0.93468283E+00     0
  0.53645743E-01  0.32647584E+01  0.12259353E+01  0.19290766E-01  0.11727796E+01  0.39979266E+00  0.39598467E-01  0.10929455E+01  0.13957000E+00  0.67758902E+01     0
  0.53645743E-01  0.32647584E+01  0.12259353E+01  0.19290766E-01  0.13182399E+01 -0.20199902E+00 -0.59418720E+00  0.11508321E+01  0.13957000E+00  0.76096529E+01     0
  0.53645743E-01  0.32647584E+01  0.12259353E+01  0.19290766E-01  0.11789525E+01  0.56895042E+00  0.13718985E+00  0.10144870E+01  0.13498000E+00  0.70410663E+01     0
  0.53645743E-01  0.32647584E+01  0.12259353E+01  0.19290766E-01  0.22190648E+01 -0.12139722E+00  0.34969457E+00  0.20629834E+01  0.72892018E+00  0.24891001E+01     0
  0.53645743E-01  0.32647584E+01  0.12259353E+01  0.19290766E-01  0.59562726E+00 -0.48580605E+00 -0.51420547E-01 -0.31087048E+00  0.13957000E+00  0.34677162E+01     0
  0.53645743E-01  0.32647584E+01  0.12259353E+01  0.19290766E-01  0.16978129E+01  0.41641359E+00  0.11254105E+01 -0.76003741E+00  0.93003383E+00  0.10620144E+03     0
  0.55021666E-01 -0.23609713E+00  0.89166798E+00 -0.69737521E-02  0.75846973E+02 -0.81738956E+00 -0.44247440E+00 -0.75835458E+02  0.93957000E+00  0.64635179E+02     1
  0.55021666E-01 -0.23609713E+00  0.89166798E+00 -0.69737521E-02  0.35947464E+02  0.41989108E+00  0.31492445E-01  0.35925308E+02  0.11895994E+01  0.24229522E+02     1
  0.55021666E-01 -0.23609713E+00  0.89166798E+00 -0.69737521E-02  0.77830317E+01  0.77850707E+00  0.31758220E+00  0.77098995E+01  0.65276370E+00  0.95935811E+01     0
  0.55021666E-01 -0.23609713E+00  0.89166798E+00 -0.69737521E-02  0.30194318E+01  0.14163352E+00  0.59976083E+00  0.28023426E+01  0.94025074E+00  0.26240656E+01     0
  0.55021666E-01 -0.23609713E+00  0.89166798E+00 -0.69737521E-02  0.10166931E+01  0.21472657E+00  0.41400093E+00 -0.11335198E+00  0.89627671E+00  0.96250312E+00     0
  0.55021666E-01 -0.23609713E+00  0.89166798E+00 -0.69737521E-02  0.87200500E+00  0.35940801E-01  0.27399550E+00 -0.81519793E+00  0.13957000E+00  0.50532591E+01     0
  0.55021666E-01 -0.23609713E+00  0.89166798E+00 -0.69737521E-02  0.10730261E+01 -0.46795125E+00 -0.63435576E-01  0.23834672E+00  0.93358095E+00  0.97451437E+00     0
  0.55021666E-01 -0.23609713E+00  0.89166798E+00 -0.69737521E-02  0.17809990E+01  0.47443041E+00  0.18769199E-01 -0.16440438E+01  0.49360000E+00  0.29415678E+01     0
  0.55021666E-01 -0.23609713E+00  0.89166798E+00 -0.69737521E-02  0.21326907E+01  0.16982462E+00 -0.20324402E+00 -0.19731448E+01  0.76480096E+00  0.22858668E+01     0
  0.55021666E-01 -0.23609713E+00  0.89166798E+00 -0.69737521E-02  0.70292802E+01 -0.10632838E+00 -0.16457490E+00  0.70251626E+01  0.13957000E+00  0.40346088E+02     0
  0.55021666E-01 -0.23609713E+00  0.89166798E+00 -0.69737521E-02  0.10334671E+02 -0.16983567E+00 -0.77064281E+00  0.10303614E+02  0.13498000E+00  0.61306589E+02     0
  0.55021666E-01 -0.23609713E+00  0.89166798E+00 -0.69737521E-02  0.97683997E+01  0.77215421E-01  0.37945305E+00  0.97293803E+01  0.78156667E+00  0.10053810E+02     0
  0.55021666E-01 -0.23609713E+00  0.89166798E+00 -0.69737521E-02  0.36339126E+01 -0.22932448E+00  0.18910644E+00  0.35801213E+01  0.54745000E+00  0.53653333E+01     0
  0.55021666E-01 -0.23609713E+00  0.89166798E+00 -0.69737521E-02  0.25153414E+01  0.16635741E+00 -0.12639122E+00  0.23768988E+01  0.79601811E+00  0.25829454E+01     0
  0.55021666E-01 -0.23609713E+00  0.89166798E+00 -0.69737521E-02  0.91913760E+00 -0.36722098E+00 -0.44057714E+00  0.56841232E+00  0.43904658E+00  0.17298100E+01     0
  0.55021666E-01 -0.23609713E+00  0.89166798E+00 -0.69737521E-02  0.21758412E+01  0.76019536E+00  0.21950738E+00  0.18900378E+01  0.73209390E+00  0.24326852E+01     0
  0.55021666E-01 -0.23609713E+00  0.89166798E+00 -0.69737521E-02  0.16803343E+01 -0.30093735E+00 -0.21476988E+00  0.16332037E+01  0.13957000E+00  0.96865147E+01     0
  0.55021666E-01 -0.23609713E+00  0.89166798E+00 -0.69737521E-02  0.11053152E+01 -0.44959725E+00  0.66690973E+00  0.64324002E+00  0.40131994E+00  0.22583813E+01     0
  0.55021666E-01 -0.23609713E+00  0.89166798E+00 -0.69737521E-02  0.28402922E+01  0.12891017E+00 -0.42470885E+00 -0.26886923E+01  0.80074856E+00  0.28926587E+01     0
  0.55021666E-01 -0.23609713E+00  0.89166798E+00 -0.69737521E-02  0.25689958E+01 -0.23881217E+00 -0.35087207E+00 -0.25298453E+01  0.13957000E+00  0.14780225E+02     0
  0.55021666E-01 -0.23609713E+00  0.89166798E+00 -0.69737521E-02  0.11060203E+01 -0.27342411E+00  0.16970017E-01 -0.92115731E+00  0.54745000E+00  0.16712721E+01     0
  0.55376728E-01 -0.90600866E+00 -0.24975694E+01  0.10891182E-01  0.38448006E+01 -0.44204619E+00 -0.76403477E-01  0.34977457E+01  0.15319999E+01  0.29525008E+02    -1
  0.55376728E-01 -0.90600866E+00 -0.24975694E+01  0.10891182E-01  0.21462761E+01  0.47271868E-01 -0.15969664E+00  0.16319643E+01  0.13839999E+01  0.27002975E+02     1
  0.55376728E-01 -0.90600866E+00 -0.24975694E+01  0.10891182E-01  0.20482036E+01  0.24517356E+00  0.51896456E+00 -0.15185519E+01  0.12488811E+01  0.38513043E+02    -1
  0.55376728E-01 -0.90600866E+00 -0.24975694E+01  0.10891182E-01  0.46665882E+01 -0.61751848E+00 -0.26506318E+00 -0.44297573E+01  0.13048786E+01  0.47015035E+02     1
  0.55376728E-01 -0.90600866E+00 -0.24975694E+01  0.10891182E-01  0.80424728E+01 -0.28036122E+00  0.84321029E+00  0.79599989E+01  0.72813404E+00  0.38603847E+02     0
  0.55376728E-01 -0.90600866E+00 -0.24975694E+01  0.10891182E-01  0.22749052E+01  0.83238476E+00 -0.10540447E+01  0.16104366E+01  0.88193708E+00  0.33414518E+02     0
  0.55376728E-01 -0.90600866E+00 -0.24975694E+01  0.10891182E-01  0.19175286E+01  0.80997488E+00  0.26677931E+00  0.88559413E+00  0.14715327E+01  0.27531841E+02     0
  0.55376728E-01 -0.90600866E+00 -0.24975694E+01  0.10891182E-01  0.16194347E+01 -0.77412808E+00  0.28987492E+00  0.15763885E+00  0.13836246E+01  0.29611316E+02     0
  0.55376728E-01 -0.90600866E+00 -0.24975694E+01  0.10891182E-01  0.96320994E+00  0.22097274E-01  0.55403059E+00  0.61343233E+00  0.49399999E+00  0.23958906E+02     0
  0.55376728E-01 -0.90600866E+00 -0.24975694E+01  0.10891182E-01  0.24470773E+01  0.44998861E+00 -0.96536358E+00  0.11187252E+01  0.18979527E+01  0.24962190E+02     0
  0.55376728E-01 -0.90600866E+00 -0.24975694E+01  0.10891182E-01  0.34060242E+00 -0.24727334E+00 -0.18926132E+00 -0.14355029E-02  0.13800000E+00  0.26845346E+02     0
  0.55376728E-01 -0.90600866E+00 -0.24975694E+01  0.10891182E-01  0.10819295E+01 -0.24221187E-01  0.16776874E+00 -0.73058217E+00  0.77979999E+00  0.35677485E+02     0
  0.55376728E-01 -0.90600866E+00 -0.24975694E+01  0.10891182E-01  0.12253287E+01 -0.66692750E-01 -0.45440579E+00 -0.57884500E+00  0.97746423E+00  0.33153492E+02     0
  0.55376728E-01 -0.90600866E+00 -0.24975694E+01  0.10891182E-01  0.22265441E+01  0.30061622E+00  0.18676355E+00 -0.10396492E+01  0.19368473E+01  0.33594898E+02     0
  0.55376728E-01 -0.90600866E+00 -0.24975694E+01  0.10891182E-01  0.13861981E+02  0.32874711E+00  0.29721796E+00 -0.13841558E+02  0.60775480E+00  0.61869101E+02     0
  0.55376728E-01 -0.90600866E+00 -0.24975694E+01  0.10891182E-01  0.16481770E+02  0.61459679E-01 -0.88324789E+00  0.16342860E+02  0.19431261E+01  0.29055574E+02     0
  0.59451073E-01  0.10929588E+00  0.24176022E+01  0.18236960E-01  0.50396319E+01  0.72412207E+00 -0.30663098E+00  0.48240290E+01  0.12281119E+01  0.47033332E+02     1
  0.59451073E-01 -0.29369386E+00  0.20669747E+01  0.18283184E-01  0.35444989E+02 -0.82007830E+00  0.60357847E+00 -0.35410518E+02  0.11855781E+01  0.77084187E+02     1
  0.59451073E-01  0.10929588E+00  0.24176022E+01  0.18236960E-01  0.49056215E+01  0.59441494E+00 -0.10105838E+01  0.46701894E+01  0.93800002E+00  0.17539899E+02    -1
  0.59451073E-01  0.10929588E+00  0.24176022E+01  0.18236960E-01  0.11078525E+01  0.26318708E+00  0.49512049E+00 -0.18188274E+00  0.93800002E+00  0.18167966E+02     1
  0.59451073E-01 -0.29369386E+00  0.20669747E+01  0.18283184E-01  0.18362924E+01 -0.10406498E+00 -0.44522384E+00 -0.11168976E+01  0.13839999E+01  0.23433851E+02    -1
  0.59451073E-01 -0.29369386E+00  0.20669747E+01  0.18283184E-01  0.58876920E+01  0.22528468E+00  0.46414351E+00 -0.56974244E+01  0.13921529E+01  0.16894884E+02     1
  0.59451073E-01 -0.29369386E+00  0.20669747E+01  0.18283184E-01  0.43623000E+01 -0.38078521E+00  0.80530255E-01 -0.41642849E+01  0.12397218E+01  0.11320056E+02    -1
  0.59451073E-01 -0.29369386E+00  0.20669747E+01  0.18283184E-01  0.14422433E+01 -0.20858734E+00  0.49002514E+00  0.54799676E+00  0.12231647E+01  0.55262453E+01     1
  0.59451073E-01  0.10929588E+00  0.24176022E+01  0.18236960E-01  0.22171746E+02  0.49382139E+00 -0.94272817E+00  0.22145760E+02  0.13800000E+00  0.41622159E+02     0
  0.59451073E-01  0.10929588E+00  0.24176022E+01  0.18236960E-01  0.35304032E+00  0.20297907E-02  0.18802768E+00 -0.26501875E+00  0.13800000E+00  0.34889767E+02     0
  0.59451073E-01  0.10929588E+00  0.24176022E+01  0.18236960E-01  0.35769629E+00 -0.20724636E+00  0.25537896E+00 -0.27077218E-01  0.13800000E+00  0.26935632E+02     0
  0.59451073E-01  0.10929588E+00  0.24176022E+01  0.18236960E-01  0.27525857E+01 -0.34314031E+00  0.14401579E+00  0.20041774E+01  0.18497338E+01  0.21114377E+02     0
  0.59451073E-01  0.10929588E+00  0.24176022E+01  0.18236960E-01  0.24702107E+01 -0.36685289E+00 -0.32107282E+00  0.20462893E+01  0.12949796E+01  0.13083402E+02     0
  0.59451073E-01  0.10929588E+00  0.24176022E+01  0.18236960E-01  0.67021794E+01  0.17741781E+00 -0.20292553E+00  0.65790855E+01  0.12498748E+01  0.10340511E+02     0
  0.59451073E-01  0.10929588E+00  0.24176022E+01  0.18236960E-01  0.15621845E+01  0.77125347E-01 -0.26308965E+00 -0.12779576E+01  0.85561705E+00  0.79433908E+01     0
  0.59451073E-01  0.10929588E+00  0.24176022E+01  0.18236960E-01  0.36071127E+01  0.33293475E+00  0.19672137E+00 -0.34820667E+01  0.85844537E+00  0.11733626E+02     0
  0.59451073E-01  0.10929588E+00  0.24176022E+01  0.18236960E-01  0.21117258E+01 -0.61860687E+00 -0.43932499E+00  0.11052144E+01  0.16316268E+01  0.70063107E+01     0
  0.59451073E-01  0.10929588E+00  0.24176022E+01  0.18236960E-01  0.26454984E+01  0.57807901E-01  0.13429907E+00 -0.22755262E+01  0.13413664E+01  0.10804956E+02     0
  0.59451073E-01  0.10929588E+00  0.24176022E+01  0.18236960E-01  0.19259159E+01  0.71919194E+00 -0.11820969E+00 -0.14588386E+01  0.10245640E+01  0.11464612E+02     0
  0.59451073E-01  0.10929588E+00  0.24176022E+01  0.18236960E-01  0.31478090E+01 -0.73836078E+00 -0.43184779E+00 -0.25213713E+01  0.16792020E+01  0.13872316E+02     0
  0.59451073E-01  0.10929588E+00  0.24176022E+01  0.18236960E-01  0.68490862E+01  0.30547750E+00  0.12477687E-01 -0.67519428E+01  0.11080514E+01  0.29699426E+02     0
  0.59451073E-01 -0.29369386E+00  0.20669747E+01  0.18283184E-01  0.14441032E+02  0.94292239E-01  0.12191137E+01 -0.14380690E+02  0.49399999E+00  0.41584367E+02     0
  0.59451073E-01 -0.29369386E+00  0.20669747E+01  0.18283184E-01  0.97627558E+01 -0.88661574E+00 -0.49364594E-01 -0.96013548E+01  0.15286797E+01  0.26456793E+02     0
  0.59451073E-01 -0.29369386E+00  0.20669747E+01  0.18283184E-01  0.21919570E+01  0.53693208E+00  0.38753669E+00 -0.15387212E+01  0.14136944E+01  0.83199740E+01     0
  0.59451073E-01 -0.29369386E+00  0.20669747E+01  0.18283184E-01  0.19877418E+01  0.47152750E-01 -0.19748890E+00 -0.12051256E+01  0.15676622E+01  0.70984332E+01     0
  0.59451073E-01 -0.29369386E+00  0.20669747E+01  0.18283184E-01  0.23009610E+01 -0.24876876E+00  0.25714776E+00 -0.18008646E+01  0.13868300E+01  0.66440037E+01     0
  0.61550616E-01 -0.30500705E+00 -0.25423206E+01 -0.19199319E-01  0.87467236E+01  0.35716908E+00 -0.13383371E+00  0.87373136E+01  0.13800000E+00  0.37949798E+02     0
  0.61550616E-01 -0.30500705E+00 -0.25423206E+01 -0.19199319E-01  0.29074807E+02 -0.26998673E-01 -0.63962880E-01  0.29074396E+02  0.13800000E+00  0.93471816E+02     0
  0.62208990E-01  0.22446016E+01  0.22196765E+01  0.33072617E-01  0.89138808E+01  0.17421958E+00 -0.27189812E+00  0.88584784E+01  0.93827000E+00  0.76624782E+01     1
  0.62208990E-01  0.22446016E+01  0.22196765E+01  0.33072617E-01  0.18065402E+01  0.21849207E+00 -0.69049155E+00  0.14624055E+01  0.77488078E+00  0.19273116E+01     0
  0.62208990E-01  0.22446016E+01  0.22196765E+01  0.33072617E-01  0.43628125E+01  0.49502750E+00 -0.96814683E+00  0.41322996E+01  0.88083623E+00  0.40246368E+01     0
  0.62208990E-01  0.22446016E+01  0.22196765E+01  0.33072617E-01  0.34574946E+01  0.11602570E+00 -0.15232326E+01  0.30039464E+01  0.77257704E+00  0.36424289E+01     0
  0.62208990E-01  0.22446016E+01  0.22196765E+01  0.33072617E-01  0.13070450E+01  0.51449455E+00  0.37431367E+00  0.11337247E+01  0.13498000E+00  0.78088087E+01     0
  0.62208990E-01  0.22446016E+01  0.22196765E+01  0.33072617E-01  0.38162562E+01  0.21011912E+00 -0.70916154E+00 -0.37412928E+01  0.13957000E+00  0.21936573E+02     0
  0.62208990E-01  0.22446016E+01  0.22196765E+01  0.33072617E-01  0.55224806E+01 -0.67281466E+00  0.60746932E+00 -0.54457886E+01  0.13957000E+00  0.31716465E+02     0
  0.62208990E-01  0.22446016E+01  0.22196765E+01  0.33072617E-01  0.26609104E+01  0.94036531E+00  0.29435095E+00 -0.24677997E+01  0.13957000E+00  0.15314257E+02     0
  0.62208990E-01  0.22446016E+01  0.22196765E+01  0.33072617E-01  0.41349862E+01 -0.55945133E-02 -0.48103193E-01 -0.40608250E+01  0.77811698E+00  0.43134837E+01     0
  0.62208990E-01  0.22446016E+01  0.22196765E+01  0.33072617E-01  0.23637555E+02 -0.53671847E+00  0.58948918E-01 -0.23613652E+02  0.91535522E+00  0.20720903E+02     0
  0.62208990E-01  0.22446016E+01  0.22196765E+01  0.33072617E-01  0.81387262E+01 -0.35571547E+00  0.12324372E+00 -0.81288168E+01  0.13957000E+00  0.46712499E+02     0
  0.62208990E-01  0.22446016E+01  0.22196765E+01  0.33072617E-01  0.18427121E+02  0.37468398E+00  0.28693419E+00 -0.18403902E+02  0.79528000E+00  0.18598695E+02     0
  0.62208990E-01  0.22446016E+01  0.22196765E+01  0.33072617E-01  0.44396432E+02 -0.42746462E+00 -0.71809710E-01  0.44389752E+02  0.63655176E+00  0.55858372E+02     0
  0.62208990E-01  0.22446016E+01  0.22196765E+01  0.33072617E-01  0.13664204E+01  0.43286550E+00 -0.68378058E+00  0.10926833E+01  0.13498000E+00  0.81607150E+01     0
  0.62208990E-01  0.22446016E+01  0.22196765E+01  0.33072617E-01  0.20315886E+01 -0.42408029E+00  0.11993304E+01  0.13268279E+01  0.86524141E+00  0.19406107E+01     0
  0.62208990E-01  0.22446016E+01  0.22196765E+01  0.33072617E-01  0.11349560E+01 -0.63178109E+00  0.61703972E+00  0.52088659E-01  0.71100383E+00  0.13392271E+01     0
  0.62208990E-01  0.22446016E+01  0.22196765E+01  0.33072617E-01  0.10788532E+01  0.52716070E+00 -0.29389654E+00 -0.15121321E+00  0.88135419E+00  0.10414777E+01     0
  0.62208990E-01  0.22446016E+01  0.22196765E+01  0.33072617E-01  0.20124693E+01 -0.13468856E+01  0.84617061E+00 -0.10002325E+01  0.72073731E+00  0.22959985E+01     0
  0.62208990E-01  0.22446016E+01  0.22196765E+01  0.33072617E-01  0.40157157E+00  0.21935376E+00 -0.25983076E+00 -0.16171530E+00  0.13957000E+00  0.23639734E+01     0
  0.65650078E-01 -0.12671862E+01 -0.45190651E+01  0.12028513E-01  0.84289661E+02 -0.17514743E+01 -0.14410538E+01 -0.84253919E+02  0.93800002E+00  0.98807890E+02     1
  0.65650078E-01 -0.94270084E-01 -0.48330417E+01  0.12028513E-01  0.38641453E+01  0.10774358E+01 -0.61436424E+00  0.35374374E+01  0.93800002E+00  0.16770941E+02    -1
  0.65650078E-01 -0.94270084E-01 -0.48330417E+01  0.12028513E-01  0.38448045E+01 -0.10635768E+01  0.67164310E+00  0.33655576E+01  0.13686649E+01  0.13284288E+02     1
  0.65650078E-01 -0.12671862E+01 -0.45190651E+01  0.12028513E-01  0.15242937E+01 -0.60415077E+00 -0.93111215E-01 -0.50403672E+00  0.13022098E+01  0.64670323E+01    -1
  0.65650078E-01 -0.12671862E+01 -0.45190651E+01  0.12028513E-01  0.20196198E+01  0.49300863E+00  0.24431421E+00 -0.14545836E+01  0.12885277E+01  0.58716268E+01     1
  0.65650078E-01 -0.94270084E-01 -0.48330417E+01  0.12028513E-01  0.25520494E+01 -0.13300261E+01  0.71766132E+00  0.17465144E+01  0.10856503E+01  0.19473826E+02     0
  0.65650078E-01 -0.94270084E-01 -0.48330417E+01  0.12028513E-01  0.95852898E+00  0.96233305E-01 -0.16569303E+00  0.52977911E+00  0.77549782E+00  0.17611459E+02     0
  0.65650078E-01 -0.94270084E-01 -0.48330417E+01  0.12028513E-01  0.17885961E+01  0.75981282E+00  0.38218272E+00  0.11578988E+01  0.10653485E+01  0.10046723E+02     0
  0.65650078E-01 -0.94270084E-01 -0.48330417E+01  0.12028513E-01  0.11768453E+01 -0.20271275E-01 -0.18268531E+00  0.11541820E+01  0.13800000E+00  0.84759297E+01     0
  0.65650078E-01 -0.94270084E-01 -0.48330417E+01  0.12028513E-01  0.18230296E+01 -0.15326939E+00  0.28487537E+00  0.17247479E+01  0.49399999E+00  0.73563208E+01     0
  0.65650078E-01 -0.94270084E-01 -0.48330417E+01  0.12028513E-01  0.33549234E+01  0.35167187E+00 -0.31920371E+00  0.26756172E+01  0.19674906E+01  0.59343988E+01     0
  0.65650078E-01 -0.94270084E-01 -0.48330417E+01  0.12028513E-01  0.14129435E+01 -0.28205524E+00 -0.24694257E+00  0.39457282E+00  0.13039118E+01  0.34302149E+01     0
  0.65650078E-01 -0.94270084E-01 -0.48330417E+01  0.12028513E-01  0.13203331E+01  0.13544034E+00  0.47330160E+00 -0.75784897E+00  0.96259332E+00  0.35904124E+01     0
  0.65650078E-01 -0.12671862E+01 -0.45190651E+01  0.12028513E-01  0.67960535E+01  0.18659570E+00 -0.56143048E-01 -0.67470980E+01  0.79059628E+00  0.14550294E+02     0
  0.65650078E-01 -0.12671862E+01 -0.45190651E+01  0.12028513E-01  0.80323487E+00  0.10433908E+00 -0.77086588E-01  0.24129172E+00  0.75507322E+00  0.79407030E+01     0
  0.65650078E-01 -0.12671862E+01 -0.45190651E+01  0.12028513E-01  0.25711290E+00 -0.21277325E+00 -0.15545585E-01  0.39356369E-01  0.13800000E+00  0.78682555E+01     0
  0.65650078E-01 -0.12671862E+01 -0.45190651E+01  0.12028513E-01  0.14770944E+01 -0.63866098E+00  0.49399856E+00 -0.85193598E+00  0.89671089E+00  0.83097199E+01     0
  0.65650078E-01 -0.12671862E+01 -0.45190651E+01  0.12028513E-01  0.20681216E+01  0.75959229E+00 -0.71112680E+00  0.10067021E+01  0.14768196E+01  0.84425237E+01     0
  0.65650078E-01 -0.12671862E+01 -0.45190651E+01  0.12028513E-01  0.33280008E+01 -0.40348255E+00 -0.12511260E+00 -0.23641557E+01  0.23038893E+01  0.88370969E+01     0
  0.66520349E-01  0.88484384E-01  0.34550871E+01  0.25826591E-01  0.19691471E+02  0.10770218E+00 -0.51136126E+00  0.19662099E+02  0.93957000E+00  0.16832889E+02     1
  0.66520349E-01  0.88484384E-01  0.34550871E+01  0.25826591E-01  0.11018528E+02 -0.96396324E-01  0.17599163E+00  0.10976562E+02  0.93957000E+00  0.94482829E+01    -1
  0.66520349E-01  0.88484384E-01  0.34550871E+01  0.25826591E-01  0.47558876E+01  0.52211076E+00  0.55883537E+00  0.45361923E+01  0.12068677E+01  0.32190698E+01     1
  0.66520349E-01  0.88484384E-01  0.34550871E+01  0.25826591E-01  0.26484973E+02  0.43182383E-01  0.44586059E-01  0.26484533E+02  0.13957000E+00  0.15187550E+03     0
  0.66520349E-01  0.88484384E-01  0.34550871E+01  0.25826591E-01  0.37549475E+01 -0.67353137E+00 -0.21916615E+00  0.36850689E+01  0.13498000E+00  0.22321358E+02     0
  0.66520349E-01  0.88484384E-01  0.34550871E+01  0.25826591E-01  0.61346643E+01  0.20291645E+00 -0.44682875E-01  0.60798443E+01  0.79147160E+00  0.62672879E+01     0
  0.66520349E-01  0.88484384E-01  0.34550871E+01  0.25826591E-01  0.17047956E+01  0.17090840E+00  0.61047724E+00  0.15022518E+01  0.49767000E+00  0.28069637E+01     0
  0.66520349E-01  0.88484384E-01  0.34550871E+01  0.25826591E-01  0.30867065E+01 -0.75107493E-01  0.59133793E+00  0.29293522E+01  0.76898061E+00  0.32777394E+01     0
  0.66520349E-01  0.88484384E-01  0.34550871E+01  0.25826591E-01  0.56882132E+00 -0.65180194E-01 -0.54409597E+00  0.61555118E-01  0.13957000E+00  0.33269420E+01     0
  0.66520349E-01  0.88484384E-01  0.34550871E+01  0.25826591E-01  0.28340786E+01 -0.20707498E+00  0.40017424E+00  0.27945487E+01  0.13957000E+00  0.16311150E+02     0
  0.66520349E-01  0.88484384E-01  0.34550871E+01  0.25826591E-01  0.83048640E+00 -0.94338872E-01 -0.78324512E-01  0.29103399E+00  0.76809656E+00  0.93150160E+00     0
  0.66520349E-01  0.88484384E-01  0.34550871E+01  0.25826591E-01  0.73384998E+00 -0.77779240E-01 -0.94171709E-01 -0.13572441E+00  0.71077195E+00  0.89249553E+00     0
  0.66520349E-01  0.88484384E-01  0.34550871E+01  0.25826591E-01  0.18564832E+01 -0.10114241E+00  0.52721370E+00 -0.16120308E+01  0.74813284E+00  0.20517114E+01     0
  0.66520349E-01  0.88484384E-01  0.34550871E+01  0.25826591E-01  0.55779090E+01  0.15756907E+00 -0.82039385E+00 -0.55132309E+01  0.13957000E+00  0.32038486E+02     0
  0.66520349E-01  0.88484384E-01  0.34550871E+01  0.25826591E-01  0.48943175E+01 -0.11121924E+01  0.34316196E-01 -0.47641069E+01  0.13957000E+00  0.28120214E+02     0
  0.66520349E-01  0.88484384E-01  0.34550871E+01  0.25826591E-01  0.41004933E+01  0.27719600E+00 -0.25411580E+00  0.40508951E+01  0.51272035E+00  0.64645396E+01     0
  0.66520349E-01  0.88484384E-01  0.34550871E+01  0.25826591E-01  0.70315183E+01  0.24185518E+00 -0.85816204E+00  0.69213274E+01  0.86170811E+00  0.65945019E+01     0
  0.66520349E-01  0.88484384E-01  0.34550871E+01  0.25826591E-01  0.39364420E+01  0.58888870E+00  0.19399195E+00  0.38067434E+01  0.78731060E+00  0.40664076E+01     0
  0.66520349E-01  0.88484384E-01  0.34550871E+01  0.25826591E-01  0.24986421E+01  0.34696107E+00  0.30609755E+00  0.23288682E+01  0.77814365E+00  0.26353438E+01     0
  0.66520349E-01  0.88484384E-01  0.34550871E+01  0.25826591E-01  0.86848382E+00 -0.27839808E-01 -0.83389746E-01  0.85267546E+00  0.13957000E+00  0.50445747E+01     0
  0.66520349E-01  0.88484384E-01  0.34550871E+01  0.25826591E-01  0.10529267E+01 -0.89988467E-01 -0.53427496E+00 -0.89197933E+00  0.13957000E+00  0.61017810E+01     0
  0.66520349E-01  0.88484384E-01  0.34550871E+01  0.25826591E-01  0.14736121E+01  0.22106787E+00  0.11489639E+01 -0.44115356E+00  0.77969672E+00  0.15785052E+01     0
  0.66520349E-01  0.88484384E-01  0.34550871E+01  0.25826591E-01  0.38825299E+01 -0.11404515E+00 -0.40984702E+00 -0.37820697E+01  0.76746733E+00  0.41136293E+01     0
  0.66520349E-01  0.88484384E-01  0.34550871E+01  0.25826591E-01  0.30775455E+02 -0.38175541E+00  0.12954073E-01 -0.30758178E+02  0.95772852E+00  0.25773559E+02     0
  0.68171026E-01  0.56086089E+00 -0.26716950E+01  0.29543733E-01  0.18802766E+02  0.46901894E-01 -0.21062302E+00  0.18763703E+02  0.11920000E+01  0.86166808E+02     1
  0.68171026E-01  0.56086089E+00 -0.26716950E+01  0.29543733E-01  0.16797938E+02  0.31243923E+00 -0.25782880E+00  0.16785785E+02  0.49399999E+00  0.67368656E+02     0
  0.68171026E-01  0.56086089E+00 -0.26716950E+01  0.29543733E-01  0.15918035E+02 -0.12601249E+00  0.36338697E+00  0.15905718E+02  0.49399999E+00  0.50580369E+02     0
  0.68171026E-01  0.56086089E+00 -0.26716950E+01  0.29543733E-01  0.34586537E+02  0.44275118E+00 -0.25475366E+00  0.34557088E+02  0.13324030E+01  0.34677646E+02     0
  0.72320089E-01  0.87405864E+00  0.46583679E+01 -0.49793423E-02  0.43282033E+01 -0.13772881E+01 -0.35659606E+00 -0.39235514E+01  0.11467366E+01  0.30918125E+01     1
  0.72320089E-01  0.87405864E+00  0.46583679E+01 -0.49793423E-02  0.20180712E+01 -0.17339271E+00 -0.10265970E+01 -0.14511557E+01  0.93957000E+00  0.17906135E+01    -1
  0.72320089E-01  0.87405864E+00  0.46583679E+01 -0.49793423E-02  0.85735299E+02 -0.80758283E+00  0.19611469E+00  0.85726136E+02  0.93827000E+00  0.73173068E+02     1
  0.72320089E-01  0.87405864E+00  0.46583679E+01 -0.49793423E-02  0.17741144E+02  0.74772829E+00 -0.55941747E+00 -0.17691687E+02  0.93827000E+00  0.15199006E+02     1
  0.72320089E-01  0.87405864E+00  0.46583679E+01 -0.49793423E-02  0.60040604E+01 -0.36443547E+00 -0.42979076E+00 -0.59759291E+01  0.13957000E+00  0.34486939E+02     0
  0.72320089E-01  0.87405864E+00  0.46583679E+01 -0.49793423E-02  0.18538374E+02  0.34628888E+00  0.18302318E+01 -0.18428400E+02  0.77182986E+00  0.19287305E+02     0
  0.72320089E-01  0.87405864E+00  0.46583679E+01 -0.49793423E-02  0.68287926E+01 -0.16140913E+00 -0.39533206E+00 -0.67935863E+01  0.54520991E+00  0.10092376E+02     0
  0.72320089E-01  0.87405864E+00  0.46583679E+01 -0.49793423E-02  0.59076879E+01 -0.48568232E+00  0.52646463E+00 -0.57967784E+01  0.88604971E+00  0.54062762E+01     0
  0.72320089E-01  0.87405864E+00  0.46583679E+01 -0.49793423E-02  0.69760993E+01 -0.14693560E+00  0.61270844E+00 -0.69259843E+01  0.54745000E+00  0.10266638E+02     0
  0.72320089E-01  0.87405864E+00  0.46583679E+01 -0.49793423E-02  0.12761552E+01 -0.10930326E+00 -0.43034413E+00 -0.11882546E+01  0.13957000E+00  0.73871022E+01     0
  0.72320089E-01  0.87405864E+00  0.46583679E+01 -0.49793423E-02  0.10682369E+01 -0.43477215E+00 -0.75488048E+00 -0.36685600E+00  0.49767000E+00  0.17895012E+01     0
  0.72320089E-01  0.87405864E+00  0.46583679E+01 -0.49793423E-02  0.31094302E+01  0.52597529E+00  0.20177019E+00  0.29238993E+01  0.89554886E+00  0.28499956E+01     0
  0.72320089E-01  0.87405864E+00  0.46583679E+01 -0.49793423E-02  0.38081901E+00 -0.63849524E-02 -0.53140212E-01  0.35025517E+00  0.13957000E+00  0.22551331E+01     0
  0.72320089E-01  0.87405864E+00  0.46583679E+01 -0.49793423E-02  0.57032065E+01  0.99404198E-01  0.59175582E+00  0.56029588E+01  0.87940964E+00  0.52605339E+01     0
  0.72320089E-01  0.87405864E+00  0.46583679E+01 -0.49793423E-02  0.84774004E+01  0.65653864E+00 -0.20692929E+00  0.84037529E+01  0.87714979E+00  0.78040900E+01     0
  0.72320089E-01  0.87405864E+00  0.46583679E+01 -0.49793423E-02  0.25054222E+01 -0.24630342E+00  0.40121277E+00  0.24099436E+01  0.49767000E+00  0.40997635E+01     0
  0.72320089E-01  0.87405864E+00  0.46583679E+01 -0.49793423E-02  0.13917941E+01  0.33659061E+00 -0.54450448E+00  0.11329923E+01  0.49360000E+00  0.23280642E+01     0
  0.72320089E-01  0.87405864E+00  0.46583679E+01 -0.49793423E-02  0.21660878E+01 -0.13069288E+00  0.13158667E+00 -0.21009283E+01  0.49360000E+00  0.35829972E+01     0
  0.72320089E-01  0.87405864E+00  0.46583679E+01 -0.49793423E-02  0.69563800E+01  0.16506552E+01  0.89406861E+00 -0.66392590E+01  0.88737874E+00  0.63437167E+01     0
  0.72320089E-01  0.87405864E+00  0.46583679E+01 -0.49793423E-02  0.12922566E+01 -0.13397763E+00 -0.66826629E+00 -0.53418737E+00  0.95918773E+00  0.11501125E+01     0
  0.72320089E-01  0.87405864E+00  0.46583679E+01 -0.49793423E-02  0.59029854E+01  0.55781627E-01  0.53654839E+00 -0.58277233E+01  0.76933915E+00  0.62105601E+01     0
  0.72320089E-01  0.87405864E+00  0.46583679E+01 -0.49793423E-02  0.19825706E+02 -0.13033542E+00 -0.60613282E+00 -0.19815549E+02  0.13498000E+00  0.11757539E+03     0
  0.74290900E-01 -0.71831384E+00 -0.29722225E+01 -0.18851803E-01  0.48060040E+02 -0.13609388E+01  0.21565151E+01 -0.47977049E+02  0.12113915E+01  0.31813023E+02     1
  0.74290900E-01 -0.71831384E+00 -0.29722225E+01 -0.18851803E-01  0.81209555E+02  0.11627319E+00  0.13946512E+01  0.81186027E+02  0.13646347E+01  0.47682376E+02     1
  0.74290900E-01 -0.71831384E+00 -0.29722225E+01 -0.18851803E-01  0.62554570E+00 -0.34088038E+00 -0.36772538E+00  0.34699604E+00  0.13957000E+00  0.36598506E+01     0
  0.74290900E-01 -0.71831384E+00 -0.29722225E+01 -0.18851803E-01  0.22564516E+01 -0.67036675E+00 -0.10102270E+01  0.17620701E+01  0.71884110E+00  0.25855013E+01     0
  0.74290900E-01 -0.71831384E+00 -0.29722225E+01 -0.18851803E-01  0.11066463E+01 -0.69652223E+00 -0.71642672E-01  0.20273289E+00  0.83264008E+00  0.11375559E+01     0
  0.74290900E-01 -0.71831384E+00 -0.29722225E+01 -0.18851803E-01  0.26081531E+01 -0.67122105E+00  0.56682753E-03 -0.23959156E+01  0.78199276E+00  0.27425029E+01     0
  0.74290900E-01 -0.71831384E+00 -0.29722225E+01 -0.18851803E-01  0.31420456E+01 -0.57981329E+00 -0.22483212E-01 -0.30848471E+01  0.13957000E+00  0.18084153E+02     0
  0.74290900E-01 -0.71831384E+00 -0.29722225E+01 -0.18851803E-01  0.13217360E+01  0.28143245E+00  0.20731104E+00 -0.89775334E+00  0.90489941E+00  0.12428062E+01     0
  0.74290900E-01 -0.71831384E+00 -0.29722225E+01 -0.18851803E-01  0.50139491E+01  0.41822475E+00 -0.16647019E+00 -0.49361098E+01  0.75622872E+00  0.53784525E+01     0
  0.74290900E-01 -0.71831384E+00 -0.29722225E+01 -0.18851803E-01  0.14649838E+02  0.42287165E+00  0.15298471E+00 -0.14622163E+02  0.77966265E+00  0.15106267E+02     0
  0.74290900E-01 -0.71831384E+00 -0.29722225E+01 -0.18851803E-01  0.25154215E+01  0.80111428E+00 -0.53979605E+00 -0.22694803E+01  0.49360000E+00  0.41511491E+01     0
  0.74290900E-01 -0.71831384E+00 -0.29722225E+01 -0.18851803E-01  0.12735345E+01  0.54344017E+00 -0.50371323E+00  0.39519165E+00  0.95742334E+00  0.11384258E+01     0
  0.74290900E-01 -0.71831384E+00 -0.29722225E+01 -0.18851803E-01  0.32305967E+01  0.29566967E+00 -0.16973192E+00  0.31185042E+01  0.77165876E+00  0.34235399E+01     0
  0.74290900E-01 -0.71831384E+00 -0.29722225E+01 -0.18851803E-01  0.36802447E+01 -0.50007344E+00  0.88258016E-02  0.35610882E+01  0.78275200E+00  0.38356301E+01     0
  0.74290900E-01 -0.71831384E+00 -0.29722225E+01 -0.18851803E-01  0.59278095E+01  0.44333521E+00  0.10149105E+00  0.58757620E+01  0.63835697E+00  0.75031244E+01     0
  0.74290900E-01 -0.71831384E+00 -0.29722225E+01 -0.18851803E-01  0.60773741E+01 -0.66079823E-01  0.87757536E+00  0.60116962E+01  0.13957000E+00  0.34909136E+02     0
  0.74405197E-01 -0.23173518E-01 -0.46316191E+01  0.18653595E-01  0.39966302E+02  0.14478610E+01  0.23277474E+01  0.39856566E+02  0.11156800E+01  0.90808165E+02     1
  0.74405197E-01 -0.23173518E-01 -0.46316191E+01  0.18653595E-01  0.23479175E+01 -0.83860463E-01 -0.20030435E+01 -0.49875743E+00  0.11156800E+01  0.90808165E+02    -1
  0.74405197E-01 -0.23173518E-01 -0.46316191E+01  0.18653595E-01  0.19012350E+01  0.84544261E-01 -0.16322625E+01  0.24591474E+00  0.93957000E+00  0.16932181E+01     1
  0.74405197E-01 -0.23173518E-01 -0.46316191E+01  0.18653595E-01  0.30799869E+01  0.33980685E+00  0.34535633E+00 -0.27524932E+01  0.12943573E+01  0.19780446E+01    -1
  0.74405197E-01 -0.23173518E-01 -0.46316191E+01  0.18653595E-01  0.61752169E+01 -0.55641792E+00  0.15091532E+00 -0.60096319E+01  0.12981729E+01  0.38798872E+01     1
  0.74405197E-01 -0.23173518E-01 -0.46316191E+01  0.18653595E-01  0.60512564E+00  0.11070873E+00  0.73489096E-01  0.57362024E+00  0.13957000E+00  0.35429193E+01     0
  0.74405197E-01 -0.23173518E-01 -0.46316191E+01  0.18653595E-01  0.89580595E+00 -0.63698811E-01 -0.61249276E-01  0.64598107E+00  0.61430266E+00  0.12410040E+01     0
  0.74405197E-01 -0.23173518E-01 -0.46316191E+01  0.18653595E-01  0.19122916E+01 -0.37485077E+00 -0.15663802E+01  0.66791956E+00  0.78529160E+00  0.20225138E+01     0
  0.74405197E-01 -0.23173518E-01 -0.46316191E+01  0.18653595E-01  0.37505124E+00 -0.10646463E+00  0.66653764E-01  0.32466322E+00  0.13957000E+00  0.22241579E+01     0
  0.74405197E-01 -0.23173518E-01 -0.46316191E+01  0.18653595E-01  0.22239142E+01  0.19672101E+00  0.72733842E+00 -0.20194980E+01  0.54745000E+00  0.33242569E+01     0
  0.74405197E-01 -0.23173518E-01 -0.46316191E+01  0.18653595E-01  0.23293776E+02 -0.65804696E+00  0.19679615E+01 -0.23200746E+02  0.13957000E+00  0.13359178E+03     0
  0.74405197E-01 -0.23173518E-01 -0.46316191E+01  0.18653595E-01  0.81654628E+00  0.13469089E+00 -0.56141882E-01 -0.79198149E+00  0.13498000E+00  0.49139149E+01     0
  0.74405197E-01 -0.23173518E-01 -0.46316191E+01  0.18653595E-01  0.29538899E+01 -0.14652872E+01  0.40131367E+00 -0.23222970E+01  0.10120689E+01  0.24093371E+01     0
  0.74405197E-01 -0.23173518E-01 -0.46316191E+01  0.18653595E-01  0.20322525E+01 -0.89626379E+00 -0.87766283E+00 -0.15931885E+01  0.13498000E+00  0.12119167E+02     0
  0.74405197E-01 -0.23173518E-01 -0.46316191E+01  0.18653595E-01  0.27811188E+01 -0.45689947E-01  0.53066330E+00 -0.27260688E+01  0.13957000E+00  0.16015474E+02     0
  0.74405197E-01 -0.23173518E-01 -0.46316191E+01  0.18653595E-01  0.47371122E+01  0.78881541E+00  0.61080440E-01 -0.45945357E+01  0.83935281E+00  0.45894193E+01     0
  0.74405197E-01 -0.23173518E-01 -0.46316191E+01  0.18653595E-01  0.31936001E+00  0.24143731E+00 -0.10216385E+00 -0.11739507E+00  0.13957000E+00  0.19049419E+01     0
  0.74405197E-01 -0.23173518E-01 -0.46316191E+01  0.18653595E-01  0.11290333E+01  0.51330666E+00  0.61317206E+00 -0.24979382E+00  0.75687220E+00  0.12677726E+01     0
  0.74405197E-01 -0.23173518E-01 -0.46316191E+01  0.18653595E-01  0.12915211E+01  0.90397192E+00 -0.26089396E+00  0.22990831E+00  0.85436418E+00  0.12837454E+01     0
  0.74405197E-01 -0.23173518E-01 -0.46316191E+01  0.18653595E-01  0.58840828E+01  0.47185451E+00  0.52042389E+00  0.58404386E+01  0.13498000E+00  0.90808165E+02     0
  0.74405197E-01 -0.23173518E-01 -0.46316191E+01  0.18653595E-01  0.17563146E+02  0.11050982E+01  0.20976918E+01  0.17395922E+02  0.47376203E+00  0.29731735E+02     0
  0.74405197E-01 -0.23173518E-01 -0.46316191E+01  0.18653595E-01  0.15789163E+01 -0.92899785E+00 -0.93185492E+00 -0.38705419E+00  0.78216052E+00  0.16893333E+01     0
  0.74405197E-01 -0.23173518E-01 -0.46316191E+01  0.18653595E-01  0.13900563E+01  0.29724626E+00  0.78215211E+00 -0.78686682E+00  0.78293030E+00  0.14947680E+01     0
  0.74405197E-01 -0.23173518E-01 -0.46316191E+01  0.18653595E-01  0.71748700E+00 -0.49805782E+00 -0.46477734E+00 -0.17671515E+00  0.13957000E+00  0.41869623E+01     0
  0.74405197E-01 -0.23173518E-01 -0.46316191E+01  0.18653595E-01  0.27996381E+01 -0.17245061E-01 -0.20388560E+00 -0.27886605E+01  0.13957000E+00  0.16121625E+02     0
  0.74405197E-01 -0.23173518E-01 -0.46316191E+01  0.18653595E-01  0.91288591E+00  0.60533065E-01  0.34584361E+00 -0.83102878E+00  0.13957000E+00  0.53069675E+01     0
  0.74405197E-01 -0.23173518E-01 -0.46316191E+01  0.18653595E-01  0.65863370E+01  0.18963281E+00 -0.79899480E+00 -0.64846162E+01  0.80946608E+00  0.65837201E+01     0
  0.74405197E-01 -0.23173518E-01 -0.46316191E+01  0.18653595E-01  0.27454725E+02  0.12309180E+01 -0.97341318E+00 -0.27404370E+02  0.54745000E+00  0.90808165E+02     0
  0.75938729E-01 -0.90527689E+00 -0.24995156E+01  0.31220655E-01  0.10458997E+02  0.94637571E-01 -0.14345456E+01  0.10286200E+02  0.12320000E+01  0.49302914E+02     1
  0.75938729E-01 -0.56914879E-01 -0.23309370E+01  0.21776451E-01  0.15038089E+02  0.29729072E+00 -0.74672135E-01 -0.15004342E+02  0.95910609E+00  0.78838727E+02     0
  0.75938729E-01 -0.56914879E-01 -0.23309370E+01  0.21776451E-01  0.18058103E+01  0.36472947E-01 -0.16594932E+00 -0.17924948E+01  0.13800000E+00  0.62623641E+02     0
  0.75938729E-01 -0.56914879E-01 -0.23309370E+01  0.21776451E-01  0.44188058E+01 -0.16294073E+00  0.40796204E+00 -0.43947489E+01  0.13800000E+00  0.61318418E+02     0
  0.75938729E-01 -0.56914879E-01 -0.23309370E+01  0.21776451E-01  0.54809458E+02  0.32380122E+00 -0.37627045E+00 -0.54786764E+02  0.14969359E+01  0.58756143E+02     0
  0.75938729E-01 -0.56914879E-01 -0.23309370E+01  0.21776451E-01  0.35035866E+01 -0.64050704E+00  0.59059968E+00 -0.31376209E+01  0.12928251E+01  0.40172487E+01     0
  0.78367858E-01  0.27220253E+00 -0.21959898E+01 -0.24971767E-01  0.41646060E+02 -0.24900186E+00 -0.63132241E+00 -0.41629964E+02  0.93800002E+00  0.78367858E-01     1
  0.79702028E-01  0.88546847E-01  0.34551206E+01  0.12647434E-01  0.82557145E+01  0.32942722E+00  0.44813893E+00 -0.81499912E+01  0.11937813E+01  0.49854359E+02     1
  0.79702028E-01 -0.48977330E+00  0.32308973E+01  0.14661624E-01  0.19284296E+02  0.18607632E+00  0.19023162E+00  0.19259632E+02  0.93800002E+00  0.84297929E+02     1
  0.79702028E-01 -0.48977330E+00  0.32308973E+01  0.14661624E-01  0.73918642E+01 -0.16417976E-01 -0.44719199E+00  0.72767965E+01  0.12196878E+01  0.10529481E+02    -1
  0.79702028E-01 -0.48977330E+00  0.32308973E+01  0.14661624E-01  0.30430690E+01  0.15723063E+00  0.16134965E-01  0.27463011E+01  0.13011984E+01  0.84297929E+02     1
  0.79702028E-01  0.88546847E-01  0.34551206E+01  0.12647434E-01  0.22424966E+02  0.98372871E+00 -0.86569090E+00 -0.22314248E+02  0.17989668E+01  0.41608924E+02     0
  0.79702028E-01  0.88546847E-01  0.34551206E+01  0.12647434E-01  0.13824854E+02  0.26888654E+00  0.46747861E+00 -0.13783326E+02  0.92502249E+00  0.19271646E+02     0
  0.79702028E-01  0.88546847E-01  0.34551206E+01  0.12647434E-01  0.35666870E+01 -0.59328933E-02 -0.13672455E+00 -0.35613878E+01  0.13800000E+00  0.54346755E+01     0
  0.79702028E-01  0.88546847E-01  0.34551206E+01  0.12647434E-01  0.17260010E+01  0.33262469E+00  0.14777951E+00 -0.16815342E+01  0.13800000E+00  0.42604171E+02     0
  0.79702028E-01 -0.48977330E+00  0.32308973E+01  0.14661624E-01  0.12749179E+02 -0.81083087E+00 -0.29910102E+00  0.12563723E+02  0.19868378E+01  0.49639528E+02     0
  0.79702028E-01 -0.48977330E+00  0.32308973E+01  0.14661624E-01  0.52764226E+01  0.48232880E-01  0.11243899E+00  0.52731985E+01  0.13800000E+00  0.37138738E+02     0
  0.79702028E-01 -0.48977330E+00  0.32308973E+01  0.14661624E-01  0.21415317E+02 -0.17049345E+00  0.19822289E-02  0.21399521E+02  0.80451526E+00  0.31876626E+02     0
  0.81869908E-01 -0.42164513E+00 -0.16898962E+00 -0.33693555E-01  0.96403670E+02 -0.45594801E+00  0.23532519E+00 -0.96397741E+02  0.93800002E+00  0.81869908E-01     1
  0.82848824E-01  0.13842875E+00 -0.46063638E+01  0.98525758E-02  0.11464693E+02 -0.10155809E+00 -0.75817385E+00  0.11367083E+02  0.12819800E+01  0.89216745E+02     1
  0.82848824E-01 -0.23166874E-01 -0.46319248E+01  0.10252762E-01  0.96748184E+01 -0.11021590E+00  0.50752654E+00 -0.96152242E+01  0.93800002E+00  0.90808165E+02     1
  0.82848824E-01  0.13842875E+00 -0.46063638E+01  0.98525758E-02  0.17587532E+02 -0.18666972E+00  0.91857767E+00  0.17533196E+02  0.10147267E+01  0.80017996E+02     0
  0.82848824E-01  0.13842875E+00 -0.46063638E+01  0.98525758E-02  0.18807382E+02  0.70043290E+00 -0.30170638E+00  0.18767472E+02  0.95811852E+00  0.63202412E+02     0
  0.82848824E-01  0.13842875E+00 -0.46063638E+01  0.98525758E-02  0.33828541E+01 -0.31412702E-01 -0.12028848E+00  0.33777510E+01  0.13800000E+00  0.44701590E+02     0
  0.82848824E-01  0.13842875E+00 -0.46063638E+01  0.98525758E-02  0.13587240E+02 -0.37225177E+00 -0.40703069E+00  0.13538162E+02  0.10134124E+01  0.41193950E+02     0
  0.82848824E-01  0.13842875E+00 -0.46063638E+01  0.98525758E-02  0.16205092E+02 -0.21801797E+00  0.76048707E+00  0.16162333E+02  0.87071122E+00  0.28125709E+02     0
  0.82848824E-01  0.13842875E+00 -0.46063638E+01  0.98525758E-02  0.94792832E+01  0.34309713E+00 -0.64491139E+00  0.93271346E+01  0.15256946E+01  0.12179654E+02     0
  0.82848824E-01  0.13842875E+00 -0.46063638E+01  0.98525758E-02  0.15608486E+01  0.17669439E-01 -0.25641967E+00  0.13052178E+01  0.81645057E+00  0.28537160E+01     0
  0.85211979E-01 -0.43989810E+00 -0.21230124E+01 -0.27725826E-01  0.14095468E+02  0.53242990E+00  0.10169982E+00 -0.14015555E+02  0.13973572E+01  0.10563490E+03     1
  0.85211979E-01 -0.43989810E+00 -0.21230124E+01 -0.27725826E-01  0.19075832E+02 -0.26953412E+00  0.18445016E+00 -0.19061213E+02  0.67143439E+00  0.91548079E+02     0
  0.85211979E-01 -0.43989810E+00 -0.21230124E+01 -0.27725826E-01  0.44681023E+01 -0.33094617E-01  0.28015563E-01 -0.44657601E+01  0.13800000E+00  0.72491292E+02     0
  0.85211979E-01 -0.43989810E+00 -0.21230124E+01 -0.27725826E-01  0.66720244E+02  0.18824905E+01 -0.49886082E+00 -0.66679572E+02  0.12779013E+01  0.68058211E+02     0
  0.85211979E-01 -0.43989810E+00 -0.21230124E+01 -0.27725826E-01  0.17092431E+01 -0.25636407E-01  0.42731958E+00 -0.69288106E+00  0.15027203E+01  0.35838206E+02     0
  0.85686048E-01  0.21131601E+00 -0.29831374E+00 -0.28752768E-01  0.10573636E+02 -0.12482717E+01  0.39898008E+00  0.10450074E+02  0.93827000E+00  0.91011172E+01     1
  0.85686048E-01  0.21131601E+00 -0.29831374E+00 -0.28752768E-01  0.16407600E+01 -0.16162666E-01 -0.59600222E+00  0.12067571E+01  0.93827000E+00  0.14846522E+01    -1
  0.85686048E-01  0.21131601E+00 -0.29831374E+00 -0.28752768E-01  0.30880747E+01  0.41365469E+00 -0.75355994E-02 -0.27858957E+01  0.12664215E+01  0.20364266E+01     1
  0.85686048E-01  0.21131601E+00 -0.29831374E+00 -0.28752768E-01  0.12048982E+02  0.51869915E+00 -0.38719089E+00 -0.11969282E+02  0.12228220E+01  0.79684239E+01    -1
  0.85686048E-01  0.21131601E+00 -0.29831374E+00 -0.28752768E-01  0.36725359E+02  0.10830721E+01  0.25162160E+00 -0.36687194E+02  0.12511634E+01  0.23568061E+02     1
  0.85686048E-01  0.21131601E+00 -0.29831374E+00 -0.28752768E-01  0.20856737E+02  0.14703197E+01  0.31499324E+00  0.20781292E+02  0.93827000E+00  0.17868829E+02     1
  0.85686048E-01  0.21131601E+00 -0.29831374E+00 -0.28752768E-01  0.13159638E+01 -0.44020673E+00  0.62750791E+00  0.51129316E+00  0.93957000E+00  0.12061678E+01    -1
  0.85686048E-01  0.21131601E+00 -0.29831374E+00 -0.28752768E-01  0.19590699E+01 -0.14919884E+01 -0.83781986E+00  0.17214172E+00  0.93827000E+00  0.17560537E+01     1
  0.85686048E-01  0.21131601E+00 -0.29831374E+00 -0.28752768E-01  0.81122020E+01 -0.44070031E+00 -0.43922838E+00  0.80871789E+01  0.13498000E+00  0.48165117E+02     0
  0.85686048E-01  0.21131601E+00 -0.29831374E+00 -0.28752768E-01  0.14394547E+02 -0.74707877E-01  0.35510429E+00  0.14389295E+02  0.13957000E+00  0.82593657E+02     0
  0.85686048E-01  0.21131601E+00 -0.29831374E+00 -0.28752768E-01  0.90330987E+01 -0.60921429E-01 -0.75436009E+00  0.89875706E+01  0.49767000E+00  0.14606310E+02     0
  0.85686048E-01  0.21131601E+00 -0.29831374E+00 -0.28752768E-01  0.14018861E+02 -0.18447237E+01 -0.12150531E+01  0.13834937E+02  0.49360000E+00  0.22806693E+02     0
  0.85686048E-01  0.21131601E+00 -0.29831374E+00 -0.28752768E-01  0.64449108E+01  0.21244535E+00  0.10524774E+01  0.62877645E+01  0.92089666E+00  0.56844995E+01     0
  0.85686048E-01  0.21131601E+00 -0.29831374E+00 -0.28752768E-01  0.43323246E+00 -0.39309287E+00  0.91885023E-01  0.72427320E-01  0.13957000E+00  0.25689272E+01     0
  0.85686048E-01  0.21131601E+00 -0.29831374E+00 -0.28752768E-01  0.54123186E+01 -0.64846770E-02 -0.18006266E+00  0.54075177E+01  0.13957000E+00  0.31108505E+02     0
  0.85686048E-01  0.21131601E+00 -0.29831374E+00 -0.28752768E-01  0.42248576E+01 -0.52700549E+00 -0.20067871E+00  0.41116396E+01  0.79109707E+00  0.43580897E+01     0
  0.85686048E-01  0.21131601E+00 -0.29831374E+00 -0.28752768E-01  0.11062266E+01  0.20108888E+00  0.22915998E+00  0.71437903E+00  0.78768583E+00  0.12092067E+01     0
  0.85686048E-01  0.21131601E+00 -0.29831374E+00 -0.28752768E-01  0.11775844E+01  0.74026956E+00 -0.25766999E+00  0.46259604E+00  0.74720618E+00  0.13464726E+01     0
  0.85686048E-01  0.21131601E+00 -0.29831374E+00 -0.28752768E-01  0.33868809E+01  0.65723701E-01  0.10965366E+00 -0.33815882E+01  0.13957000E+00  0.19498918E+02     0
  0.85686048E-01  0.21131601E+00 -0.29831374E+00 -0.28752768E-01  0.24429278E+01  0.12466736E+00  0.30778870E+00 -0.24162245E+01  0.13957000E+00  0.14088281E+02     0
  0.85686048E-01  0.21131601E+00 -0.29831374E+00 -0.28752768E-01  0.28305866E+02  0.64600477E+00  0.35317511E-01 -0.28290015E+02  0.69175720E+00  0.32820716E+02     0
  0.85686048E-01  0.21131601E+00 -0.29831374E+00 -0.28752768E-01  0.24796205E+01 -0.15829495E+00  0.22504563E+00  0.24603526E+01  0.13957000E+00  0.14298600E+02     0
  0.85686048E-01  0.21131601E+00 -0.29831374E+00 -0.28752768E-01  0.37533959E+01  0.10360355E+00 -0.12939810E+00  0.37473035E+01  0.13498000E+00  0.22331328E+02     0
  0.85686048E-01  0.21131601E+00 -0.29831374E+00 -0.28752768E-01  0.58854296E+00  0.35338835E+00  0.25799457E+00  0.36804688E+00  0.13957000E+00  0.34591500E+01     0
  0.85686048E-01  0.21131601E+00 -0.29831374E+00 -0.28752768E-01  0.71069903E+01  0.62941144E+00  0.12328512E+00  0.70492476E+01  0.63723014E+00  0.90080391E+01     0
  0.85686048E-01  0.21131601E+00 -0.29831374E+00 -0.28752768E-01  0.72660556E+00  0.12555014E-01  0.54351442E+00  0.46278557E+00  0.13498000E+00  0.43921348E+01     0
  0.85686048E-01  0.21131601E+00 -0.29831374E+00 -0.28752768E-01  0.28290567E+01 -0.61206593E+00  0.16905751E+00  0.26531704E+01  0.74902813E+00  0.31072619E+01     0
  0.85686048E-01  0.21131601E+00 -0.29831374E+00 -0.28752768E-01  0.11153931E+01  0.47041749E+00  0.29643830E+00  0.57595919E+00  0.77666248E+00  0.12345951E+01     0
  0.85686048E-01  0.21131601E+00 -0.29831374E+00 -0.28752768E-01  0.12207385E+01 -0.91426178E+00 -0.12242304E+00  0.14059983E+00  0.78712912E+00  0.13263857E+01     0
  0.85686048E-01  0.21131601E+00 -0.29831374E+00 -0.28752768E-01  0.47820801E+00  0.37438478E+00 -0.23125020E+00  0.12474973E+00  0.13957000E+00  0.28267221E+01     0
  0.85686048E-01  0.21131601E+00 -0.29831374E+00 -0.28752768E-01  0.85322757E+01  0.11894316E+01 -0.54086723E+00 -0.83770693E+01  0.95768217E+00  0.72131243E+01     0
  0.88408096E-01  0.27084447E+01  0.19982264E+01  0.52385910E-02  0.30619919E+01  0.41812782E+00 -0.37590586E+00  0.27062358E+01  0.13175530E+01  0.78178955E+02     1
  0.88408096E-01  0.22445834E+01  0.22200273E+01  0.68843036E-02  0.31516347E+02  0.74016703E+00 -0.15292655E+00 -0.31483187E+02  0.12320000E+01  0.31589298E+02     1
  0.88408096E-01  0.27084447E+01  0.19982264E+01  0.52385910E-02  0.15381857E+01 -0.28043612E+00  0.65072558E+00  0.45144032E+00  0.12884598E+01  0.19343284E+02    -1
  0.88408096E-01  0.27084447E+01  0.19982264E+01  0.52385910E-02  0.14674326E+01 -0.18585070E+00 -0.75016152E+00 -0.11360527E+00  0.12422437E+01  0.17557069E+02     1
  0.88408096E-01  0.27084447E+01  0.19982264E+01  0.52385910E-02  0.25339970E+02 -0.89655069E+00  0.55433689E+00  0.25297789E+02  0.10123492E+01  0.79029929E+02     0
  0.88408096E-01  0.27084447E+01  0.19982264E+01  0.52385910E-02  0.21605497E+02  0.25369971E+00 -0.39451493E+00  0.21557193E+02  0.13656092E+01  0.53740949E+02     0
  0.88408096E-01  0.27084447E+01  0.19982264E+01  0.52385910E-02  0.63106198E+01 -0.53742230E+00  0.67145674E+00  0.61648461E+01  0.10387100E+01  0.32065238E+02     0
  0.88408096E-01  0.27084447E+01  0.19982264E+01  0.52385910E-02  0.20033055E+01 -0.54094509E+00 -0.56171208E+00  0.16723428E+01  0.77997467E+00  0.24707347E+02     0
  0.88408096E-01  0.27084447E+01  0.19982264E+01  0.52385910E-02  0.93058366E+01  0.37768451E+00  0.71288599E+00  0.91092776E+01  0.17230220E+01  0.24531553E+02     0
  0.88408096E-01  0.27084447E+01  0.19982264E+01  0.52385910E-02  0.70060671E+01 -0.23462106E+00  0.10038205E+00  0.68152049E+01  0.16040056E+01  0.15527174E+02     0
  0.88408096E-01  0.27084447E+01  0.19982264E+01  0.52385910E-02  0.17705117E+01  0.65587996E+00 -0.78631494E-01 -0.16933456E+00  0.16339144E+01  0.73289206E+01     0
  0.88408096E-01  0.27084447E+01  0.19982264E+01  0.52385910E-02  0.12774267E+01  0.15574725E-01  0.90130477E-01  0.86504259E+00  0.93549683E+00  0.89699521E+01     0
  0.88408096E-01  0.27084447E+01  0.19982264E+01  0.52385910E-02  0.18249404E+01  0.11866925E+00  0.25519076E-01  0.85779871E+00  0.16061928E+01  0.81933866E+01     0
  0.88408096E-01  0.27084447E+01  0.19982264E+01  0.52385910E-02  0.84364924E+00 -0.10436600E+00  0.23432231E+00  0.79177069E+00  0.13800000E+00  0.84447025E+01     0
  0.88408096E-01  0.27084447E+01  0.19982264E+01  0.52385910E-02  0.20803642E+00 -0.64611389E-01 -0.24550787E-01  0.13949115E+00  0.13800000E+00  0.69586847E+01     0
  0.88408096E-01  0.27084447E+01  0.19982264E+01  0.52385910E-02  0.16511665E+01 -0.88422110E+00  0.10831977E+00  0.44273045E+00  0.13178620E+01  0.68013200E+01     0
  0.88408096E-01  0.27084447E+01  0.19982264E+01  0.52385910E-02  0.40734129E+01  0.18251948E+00 -0.58023123E+00 -0.38215695E+01  0.12721310E+01  0.83704360E+01     0
  0.88408096E-01  0.27084447E+01  0.19982264E+01  0.52385910E-02  0.32197999E+01  0.19297114E-01 -0.30424687E+00 -0.29425666E+01  0.12710132E+01  0.11490696E+02     0
  0.88408096E-01  0.27084447E+01  0.19982264E+01  0.52385910E-02  0.25143467E+01  0.89005481E+00  0.63671055E+00 -0.18441048E+01  0.13128667E+01  0.14235290E+02     0
  0.91565108E-01 -0.92333685E+00 -0.14002267E+01 -0.20715470E-01  0.35204136E+02  0.13301698E+00  0.25644917E+00 -0.35175734E+02  0.13839999E+01  0.10709937E+03     1
  0.91565108E-01 -0.92333685E+00 -0.14002267E+01 -0.20715470E-01  0.78034989E+01  0.50007902E+00 -0.48945356E+00 -0.77563467E+01  0.49399999E+00  0.71932938E+02     0
  0.91565108E-01 -0.92333685E+00 -0.14002267E+01 -0.20715470E-01  0.41273550E+01 -0.35288369E-01  0.98410798E-02 -0.40975214E+01  0.49399999E+00  0.64161218E+02     0
  0.91565108E-01 -0.92333685E+00 -0.14002267E+01 -0.20715470E-01  0.15448224E+02 -0.63827329E+00 -0.10274836E+00 -0.15361550E+02  0.15008191E+01  0.60096920E+02     0
  0.91565108E-01 -0.92333685E+00 -0.14002267E+01 -0.20715470E-01  0.35641162E+02  0.33111614E+00  0.16565957E+00 -0.35629684E+02  0.82520317E+00  0.44706655E+02     0
  0.91565108E-01 -0.92333685E+00 -0.14002267E+01 -0.20715470E-01  0.81798122E+01 -0.61914972E+00 -0.80052544E+00 -0.80249625E+01  0.12186541E+01  0.91488047E+01     0
  0.91565108E-01 -0.92333685E+00 -0.14002267E+01 -0.20715470E-01  0.12152070E+01  0.13851816E+00  0.95685742E+00  0.32434091E-01  0.73546771E+00  0.16638698E+01     0
  0.91565108E-01 -0.92333685E+00 -0.14002267E+01 -0.20715470E-01  0.11079466E+01  0.11534820E+00 -0.11526466E+00  0.74957784E+00  0.79942960E+00  0.20089451E+01     0
  0.92456764E-01 -0.30480041E+00 -0.25407595E+01  0.11231366E-01  0.14128088E+01 -0.24234532E+00 -0.42760587E-01  0.14146760E+00  0.13839999E+01  0.93471816E+02     1
  0.92456764E-01 -0.30480041E+00 -0.25407595E+01  0.11231366E-01  0.21407484E+01  0.42616179E-01  0.38900217E+00 -0.64666780E-01  0.21036832E+01  0.11843614E+02     0
  0.92456764E-01 -0.30480041E+00 -0.25407595E+01  0.11231366E-01  0.16368156E+01  0.23428007E+00 -0.22037977E-01 -0.94187808E+00  0.13178233E+01  0.16833920E+02     0
  0.92456764E-01 -0.30480041E+00 -0.25407595E+01  0.11231366E-01  0.15462126E+01  0.43841955E-01  0.36664297E+00 -0.27448126E+00  0.14761721E+01  0.11317053E+02     0
  0.92456764E-01 -0.30480041E+00 -0.25407595E+01  0.11231366E-01  0.15842740E+01 -0.10789648E+00 -0.27664105E+00  0.79664530E+00  0.13368277E+01  0.66658096E+01     0
  0.92456764E-01 -0.30480041E+00 -0.25407595E+01  0.11231366E-01  0.53650483E+00 -0.92177198E-01 -0.15382634E-01  0.18726501E+00  0.49399999E+00  0.56669459E+01     0
  0.92456764E-01 -0.30480041E+00 -0.25407595E+01  0.11231366E-01  0.56605635E+00  0.21266095E+00  0.16750404E+00  0.47759136E+00  0.13800000E+00  0.40937654E+01     0
  0.92456764E-01 -0.30480041E+00 -0.25407595E+01  0.11231366E-01  0.26888530E+01  0.23291490E+00  0.48890877E-01  0.20689987E+01  0.17007455E+01  0.93471816E+02     0
  0.10721345E+00 -0.57256456E-01 -0.23307010E+01 -0.94772383E-02  0.34544350E+02  0.23724479E+00  0.54185780E-01 -0.34521516E+02  0.12320000E+01  0.11853087E+03     1
  0.10721345E+00 -0.43950616E+00 -0.21233339E+01 -0.57289670E-02  0.10010498E+03 -0.59501588E+00 -0.16629172E-01  0.10009882E+03  0.93800002E+00  0.35569225E+02     1
