     13  11.309        23
  0.38452898E-01 -0.10502794E+01  0.99267704E-01 -0.22612985E-02  0.32139435E+01  0.17805711E+00  0.50295601E+00 -0.30268749E+01  0.93957000E+00  0.27749758E+01     1
  0.38452898E-01 -0.10502794E+01  0.99267704E-01 -0.22612985E-02  0.35643778E+01 -0.52649543E+00 -0.55847030E+00 -0.33515534E+01  0.93957000E+00  0.30733542E+01    -1
  0.38452898E-01 -0.10502794E+01  0.99267704E-01 -0.22612985E-02  0.24748232E+01 -0.64065792E+00 -0.28906221E-01  0.21978808E+01  0.93957000E+00  0.21456494E+01    -1
  0.38452898E-01 -0.10502794E+01  0.99267704E-01 -0.22612985E-02  0.78625234E+01  0.37506692E+00  0.41860575E+00  0.77860784E+01  0.93827000E+00  0.67423001E+01     1
  0.38452898E-01 -0.10502794E+01  0.99267704E-01 -0.22612985E-02  0.12310129E+02  0.51580086E-01 -0.14995150E+00 -0.12250725E+02  0.11974400E+01  0.82627509E+01    -1
  0.38452898E-01 -0.10502794E+01  0.99267704E-01 -0.22612985E-02  0.74981270E+01  0.36923492E+00  0.73969663E-01  0.74873642E+01  0.13957000E+00  0.43016898E+02     0
  0.38452898E-01 -0.10502794E+01  0.99267704E-01 -0.22612985E-02  0.17408252E+02 -0.18337931E+00 -0.91013580E+00  0.17365639E+02  0.78729709E+00  0.17727584E+02     0
  0.38452898E-01 -0.10502794E+01  0.99267704E-01 -0.22612985E-02  0.53785710E+01  0.27177986E-01 -0.42036710E+00  0.53602331E+01  0.13957000E+00  0.30867835E+02     0
  0.38452898E-01 -0.10502794E+01  0.99267704E-01 -0.22612985E-02  0.24672952E+01 -0.19083827E+00 -0.92358100E+00  0.21222007E+01  0.83329986E+00  0.24071514E+01     0
  0.38452898E-01 -0.10502794E+01  0.99267704E-01 -0.22612985E-02  0.83489014E+00 -0.21162989E+00  0.13603653E+00  0.14911100E+00  0.78199380E+00  0.89256722E+00     0
  0.38452898E-01 -0.10502794E+01  0.99267704E-01 -0.22612985E-02  0.12084040E+01  0.12322121E-01  0.21630534E+00 -0.89919627E+00  0.77765450E+00  0.12815798E+01     0
  0.38452898E-01 -0.10502794E+01  0.99267704E-01 -0.22612985E-02  0.24929626E+01  0.61966641E+00  0.66373703E+00 -0.23175093E+01  0.13957000E+00  0.14327842E+02     0
  0.38452898E-01 -0.10502794E+01  0.99267704E-01 -0.22612985E-02  0.37731226E+01  0.33632046E+00  0.56233111E+00  0.36280989E+01  0.80251165E+00  0.37997666E+01     0
  0.38452898E-01 -0.10502794E+01  0.99267704E-01 -0.22612985E-02  0.10296372E+01 -0.11221763E+00 -0.64157730E-01  0.66313815E+00  0.77697593E+00  0.10986013E+01     0
  0.38452898E-01 -0.10502794E+01  0.99267704E-01 -0.22612985E-02  0.79368456E+00  0.27936010E+00  0.41028950E-01  0.55368654E+00  0.49360000E+00  0.13248136E+01     0
  0.38452898E-01 -0.10502794E+01  0.99267704E-01 -0.22612985E-02  0.94955778E+00 -0.38999646E+00  0.22376077E+00  0.14219867E+00  0.82418044E+00  0.96015182E+00     0
  0.38452898E-01 -0.10502794E+01  0.99267704E-01 -0.22612985E-02  0.24791284E+01  0.45572914E+00 -0.96145934E-01  0.23262776E+01  0.71942822E+00  0.27952292E+01     0
  0.38452898E-01 -0.10502794E+01  0.99267704E-01 -0.22612985E-02  0.10661982E+01 -0.86806757E+00  0.28868208E+00  0.14088264E-01  0.54745000E+00  0.15965104E+01     0
  0.52735551E-01  0.13823388E+01 -0.42078407E+01  0.94977472E-02  0.98268932E+02  0.16271873E+01  0.26107357E+01  0.98216289E+02  0.93800002E+00  0.52735551E-01     1
  0.53871740E-01  0.13526529E+01  0.23376985E+01  0.51491243E-02  0.11242307E+03  0.44416097E+01  0.40833574E+01  0.11225713E+03  0.93800002E+00  0.53871740E-01     1
  0.56488964E-01 -0.19922985E+01  0.18938097E+01  0.68064107E-03  0.48625412E+02  0.52797754E+00  0.20891168E+00 -0.48613048E+02  0.93800002E+00  0.10727984E+03     1
  0.56488964E-01 -0.19922985E+01  0.18938097E+01  0.68064107E-03  0.68085405E+01 -0.78250767E+00  0.10795158E+01 -0.65584140E+01  0.12513023E+01  0.14958886E+02    -1
  0.56488964E-01 -0.19922985E+01  0.18938097E+01  0.68064107E-03  0.63943612E+01  0.58277324E+00 -0.60270812E+00 -0.61862361E+01  0.13839999E+01  0.88135205E+01     1
  0.56488964E-01 -0.77435858E+00  0.20991504E+01  0.13409931E-01  0.21851484E+02 -0.14530895E+01 -0.85054778E-01  0.21788883E+02  0.78307635E+00  0.78947791E+02     0
  0.56488964E-01 -0.77435858E+00  0.20991504E+01  0.13409931E-01  0.31756038E+02 -0.97223892E+00 -0.38561419E+00  0.31729254E+02  0.77877121E+00  0.56947069E+02     0
  0.56488964E-01 -0.77435858E+00  0.20991504E+01  0.13409931E-01  0.18783565E+02  0.21378386E+00 -0.43799324E+00  0.18705557E+02  0.16391819E+01  0.25207170E+02     0
  0.56488964E-01 -0.77435858E+00  0.20991504E+01  0.13409931E-01  0.48638427E+01  0.91148904E-01 -0.26978682E-01  0.48377571E+01  0.49399999E+00  0.66131892E+01     0
  0.56488964E-01 -0.77435858E+00  0.20991504E+01  0.13409931E-01  0.16229357E+01 -0.23428495E+00 -0.80394562E-01  0.15979749E+01  0.13800000E+00  0.17966255E+01     0
  0.56488964E-01 -0.19922985E+01  0.18938097E+01  0.68064107E-03  0.35804417E+01 -0.26260332E+00 -0.84624635E-01 -0.32330846E+01  0.15134745E+01  0.59031254E+02     0
  0.56488964E-01 -0.19922985E+01  0.18938097E+01  0.68064107E-03  0.92048253E+01  0.93127520E-02 -0.17866139E+00 -0.91612252E+01  0.87678621E+00  0.55452313E+02     0
  0.56488964E-01 -0.19922985E+01  0.18938097E+01  0.68064107E-03  0.45563968E+01  0.87679905E+00  0.73285557E+00 -0.41006525E+01  0.16246683E+01  0.46486061E+02     0
  0.56488964E-01 -0.19922985E+01  0.18938097E+01  0.68064107E-03  0.97684138E+01 -0.58723356E+00  0.34835165E+00 -0.96681449E+01  0.12176576E+01  0.42210144E+02     0
  0.56488964E-01 -0.19922985E+01  0.18938097E+01  0.68064107E-03  0.24317355E+01 -0.34358483E+00 -0.86981975E+00 -0.13536637E+01  0.17906131E+01  0.33504777E+02     0
  0.56488964E-01 -0.19922985E+01  0.18938097E+01  0.68064107E-03  0.51364994E+00 -0.51388582E-01  0.45259259E-01 -0.49000314E+00  0.13800000E+00  0.31166370E+02     0
  0.56488964E-01 -0.19922985E+01  0.18938097E+01  0.68064107E-03  0.13539255E+01  0.78929588E+00  0.18768870E+00 -0.10751071E+01  0.13800000E+00  0.30723669E+02     0
  0.56488964E-01 -0.19922985E+01  0.18938097E+01  0.68064107E-03  0.14749078E+02 -0.47479752E-01 -0.63065440E+00 -0.14657139E+02  0.15177575E+01  0.29550870E+02     0
  0.56488964E-01 -0.19922985E+01  0.18938097E+01  0.68064107E-03  0.18017231E+01 -0.23183567E+00  0.57080060E+00  0.42951278E+00  0.16377313E+01  0.97154987E+01     0
  0.56726966E-01  0.24463390E+01 -0.30586508E+01  0.16673951E-03  0.66892834E+01  0.50944904E+00 -0.64210933E+00  0.65035972E+01  0.13333766E+01  0.40701669E+01     1
  0.56726966E-01  0.24463390E+01 -0.30586508E+01  0.16673951E-03  0.22278640E+01 -0.28734743E+00 -0.72684530E+00 -0.17117057E+01  0.11927149E+01  0.15510415E+01    -1
  0.56726966E-01  0.24463390E+01 -0.30586508E+01  0.16673951E-03  0.57044407E+00 -0.35314870E+00 -0.16840072E+00  0.39096527E+00  0.13957000E+00  0.33264501E+01     0
  0.56726966E-01  0.24463390E+01 -0.30586508E+01  0.16673951E-03  0.77528522E+02  0.97219231E+00  0.13339829E+01  0.77507608E+02  0.71954371E+00  0.86254156E+02     0
  0.56726966E-01  0.24463390E+01 -0.30586508E+01  0.16673951E-03  0.20689632E+01 -0.11970018E+01  0.42117663E+00 -0.16281665E+01  0.13957000E+00  0.11915798E+02     0
  0.56726966E-01  0.24463390E+01 -0.30586508E+01  0.16673951E-03  0.31334517E+01  0.16133551E+00 -0.41259611E+00 -0.30617935E+01  0.49767000E+00  0.50937221E+01     0
  0.56726966E-01  0.24463390E+01 -0.30586508E+01  0.16673951E-03  0.99279265E+01 -0.14770686E+00 -0.60299063E+00 -0.98678989E+01  0.89603709E+00  0.89205801E+01     0
  0.56726966E-01  0.24463390E+01 -0.30586508E+01  0.16673951E-03  0.69934277E+01 -0.72816206E+00  0.11997879E+00 -0.69084235E+01  0.79818581E+00  0.70660499E+01     0
  0.56726966E-01  0.24463390E+01 -0.30586508E+01  0.16673951E-03  0.48034293E+01  0.86088133E-01 -0.27937674E-01 -0.47814782E+01  0.44967554E+00  0.86023184E+01     0
  0.56726966E-01  0.24463390E+01 -0.30586508E+01  0.16673951E-03  0.39191515E+02 -0.57458392E+00 -0.99979963E+00 -0.39174314E+02  0.13498000E+00  0.23233715E+03     0
  0.58137185E-01  0.25205638E+01 -0.34610064E+01  0.57401936E-02  0.97394194E+02 -0.19955758E+00 -0.65237111E+00  0.97384509E+02  0.11920739E+01  0.13355808E+03     1
  0.58137185E-01  0.25205638E+01 -0.34610064E+01  0.57401936E-02  0.11386658E+02  0.96430461E-01  0.16592970E+00  0.11384204E+02  0.13800000E+00  0.36171228E+02     0
  0.58137185E-01  0.25205638E+01 -0.34610064E+01  0.57401936E-02  0.24726206E+02  0.31536031E+00 -0.54756353E-01  0.24723749E+02  0.13800000E+00  0.24809604E+02     0
  0.58754759E-01  0.11716928E+00  0.34672320E+00 -0.10862648E-01  0.42393070E+02 -0.77990251E+00  0.42846695E+00  0.42368266E+02  0.11448081E+01  0.10502749E+03     1
  0.58754759E-01 -0.53135304E+00  0.13876002E+01 -0.16431214E-01  0.21473848E+02  0.19620813E+01  0.12220609E+00 -0.21322230E+02  0.16198679E+01  0.42406433E+02     0
  0.58754759E-01 -0.53135304E+00  0.13876002E+01 -0.16431214E-01  0.94693024E+00 -0.11240216E+00 -0.26359051E+00 -0.89191853E+00  0.13800000E+00  0.21103528E+02     0
  0.58754759E-01 -0.53135304E+00  0.13876002E+01 -0.16431214E-01  0.42290716E+01  0.23502115E+00 -0.36476601E+00 -0.42044873E+01  0.13800000E+00  0.20096442E+02     0
  0.58754759E-01 -0.53135304E+00  0.13876002E+01 -0.16431214E-01  0.15747275E+02  0.11440092E+01  0.23014146E+00 -0.15637421E+02  0.14443024E+01  0.15938890E+02     0
  0.58754759E-01  0.11716928E+00  0.34672320E+00 -0.10862648E-01  0.20715553E+02 -0.74587095E+00  0.20396722E+00  0.20651264E+02  0.14357936E+01  0.62573287E+02     0
  0.58754759E-01  0.11716928E+00  0.34672320E+00 -0.10862648E-01  0.86620865E+01 -0.12400852E+01  0.83829590E+00  0.84796263E+01  0.94187514E+00  0.41821163E+02     0
  0.58754759E-01  0.11716928E+00  0.34672320E+00 -0.10862648E-01  0.33858297E+00 -0.19807785E-01  0.24419579E-01  0.30758050E+00  0.13800000E+00  0.33081076E+02     0
  0.58754759E-01  0.11716928E+00  0.34672320E+00 -0.10862648E-01  0.29881398E+01 -0.13043813E-01  0.26053963E+00  0.28886190E+01  0.71889425E+00  0.33128119E+02     0
  0.58754759E-01  0.11716928E+00  0.34672320E+00 -0.10862648E-01  0.77904948E+01  0.33367149E+00 -0.60678768E+00  0.76291542E+01  0.14171410E+01  0.30384518E+02     0
  0.58754759E-01  0.11716928E+00  0.34672320E+00 -0.10862648E-01  0.69502193E+01 -0.74689758E+00  0.77698803E+00  0.67695736E+01  0.11475433E+01  0.22672514E+02     0
  0.58754759E-01  0.11716928E+00  0.34672320E+00 -0.10862648E-01  0.12981814E+01 -0.31465953E+00  0.70698591E+00  0.68159158E+00  0.78858622E+00  0.15280961E+02     0
  0.58754759E-01  0.11716928E+00  0.34672320E+00 -0.10862648E-01  0.43680593E+01  0.33386647E+00 -0.75118313E+00  0.38460095E+01  0.19006341E+01  0.15508250E+02     0
  0.58754759E-01  0.11716928E+00  0.34672320E+00 -0.10862648E-01  0.46987926E+01  0.39643567E+00 -0.11070752E+00  0.44767932E+01  0.13665859E+01  0.11686427E+02     0
  0.58754759E-01  0.11716928E+00  0.34672320E+00 -0.10862648E-01  0.59617379E+01 -0.65865284E+00  0.30497156E+00  0.55568127E+01  0.20340404E+01  0.72907137E+01     0
  0.60134159E-01  0.10713564E+00  0.19740452E+01  0.14967230E-01  0.55718712E+02 -0.41000066E+00 -0.86119921E+00 -0.55682747E+02  0.17597562E+01  0.83689377E+02     0
  0.60134159E-01  0.10713564E+00  0.19740452E+01  0.14967230E-01  0.60494411E+01 -0.66111379E-01 -0.83793022E+00 -0.58695178E+01  0.11991663E+01  0.27527735E+02     0
  0.60134159E-01  0.10713564E+00  0.19740452E+01  0.14967230E-01  0.11145280E+01  0.20926022E+00 -0.14774838E+00 -0.10758760E+01  0.13800000E+00  0.21512096E+02     0
  0.60134159E-01  0.10713564E+00  0.19740452E+01  0.14967230E-01  0.21093834E+01 -0.42113187E+00  0.73066722E-01 -0.20610103E+01  0.13800000E+00  0.20925984E+02     0
  0.60134159E-01  0.10713564E+00  0.19740452E+01  0.14967230E-01  0.15123528E+02 -0.26426914E+00 -0.40811209E+00 -0.14965288E+02  0.21271707E+01  0.19337104E+02     0
  0.60134159E-01  0.10713564E+00  0.19740452E+01  0.14967230E-01  0.22303593E+01 -0.73538070E+00 -0.94577968E+00 -0.18762128E+01  0.13800000E+00  0.43690252E+01     0
  0.60134159E-01  0.10713564E+00  0.19740452E+01  0.14967230E-01  0.15033427E+01  0.63879731E+00  0.54280475E+00 -0.13186424E+00  0.12409480E+01  0.25687180E+01     0
  0.60134159E-01  0.10713564E+00  0.19740452E+01  0.14967230E-01  0.11345920E+01 -0.21569195E+00  0.22824773E+00 -0.49121908E+00  0.97333592E+00  0.33651615E+01     0
  0.61728341E-01  0.17331171E+01  0.18878015E+01 -0.33520825E-01  0.19558575E+02 -0.17771845E+00  0.41663487E+00  0.19516962E+02  0.11920000E+01  0.91466399E+02     1
  0.61728341E-01  0.81179037E+00  0.19168850E+01 -0.23336698E-01  0.58748085E+01  0.48577108E+00 -0.28506740E+00 -0.58268432E+01  0.49399999E+00  0.68111650E+02     0
  0.61728341E-01  0.81179037E+00  0.19168850E+01 -0.23336698E-01  0.16909834E+01 -0.25840610E+00  0.49125751E-01 -0.16646903E+01  0.13800000E+00  0.62311954E+02     0
  0.61728341E-01  0.81179037E+00  0.19168850E+01 -0.23336698E-01  0.46629927E+02 -0.12517264E+01 -0.12202357E+01 -0.46574331E+02  0.14580863E+01  0.60697227E+02     0
  0.61728341E-01  0.81179037E+00  0.19168850E+01 -0.23336698E-01  0.74679460E+01 -0.35145331E+00 -0.47037989E+00 -0.74435473E+01  0.13800000E+00  0.14208194E+02     0
  0.61728341E-01  0.81179037E+00  0.19168850E+01 -0.23336698E-01  0.66664379E+01  0.22714888E+00  0.44526355E-01 -0.65141106E+01  0.13979192E+01  0.68872864E+01     0
  0.61728341E-01  0.17331171E+01  0.18878015E+01 -0.33520825E-01  0.15031834E+02 -0.10311663E+00  0.57457416E-01  0.15023251E+02  0.49399999E+00  0.71936575E+02     0
  0.61728341E-01  0.17331171E+01  0.18878015E+01 -0.33520825E-01  0.29910414E+01 -0.12040737E+00 -0.20957924E+00  0.29780637E+01  0.13800000E+00  0.56978234E+02     0
  0.61728341E-01  0.17331171E+01  0.18878015E+01 -0.33520825E-01  0.21865552E+02 -0.21622233E+00  0.11289616E+01  0.21791842E+02  0.13772082E+01  0.53920690E+02     0
  0.61728341E-01  0.17331171E+01  0.18878015E+01 -0.33520825E-01  0.27221293E+02 -0.24425605E+00 -0.32926080E+00  0.27204646E+02  0.85902579E+00  0.32155091E+02     0
  0.61728341E-01  0.17331171E+01  0.18878015E+01 -0.33520825E-01  0.48293097E+01 -0.18262306E+00  0.61830964E+00  0.47306757E+01  0.72614125E+00  0.49399072E+01     0
  0.63606208E-01 -0.14270169E+01  0.16030402E+01  0.16609865E-01  0.11113925E+03  0.16824587E+01 -0.81265599E+00 -0.11111958E+03  0.93800002E+00  0.63606208E-01     1
  0.64432420E-01  0.81176593E+00  0.19168169E+01 -0.26038890E-01  0.21291026E+02  0.17096579E+00  0.30273927E+00 -0.21254788E+02  0.11920000E+01  0.11102607E+03     1
  0.64432420E-01  0.87717628E+00  0.17906776E+01 -0.24747839E-01  0.25895775E+02  0.64983554E-01 -0.79907344E+00  0.25846333E+02  0.13839999E+01  0.11640583E+03     1
  0.64432420E-01  0.81176593E+00  0.19168169E+01 -0.26038890E-01  0.39415579E+01  0.22173457E+00 -0.72343479E-02 -0.39328890E+01  0.13800000E+00  0.21578468E+02     0
  0.64432420E-01  0.81176593E+00  0.19168169E+01 -0.26038890E-01  0.17522232E+02  0.24679028E+00  0.19732027E+00 -0.17518840E+02  0.13800000E+00  0.11102607E+03     0
  0.64432420E-01  0.87717628E+00  0.17906776E+01 -0.24747839E-01  0.64328189E+02 -0.10078368E+01 -0.61055642E+00  0.64304482E+02  0.12887878E+01  0.90903136E+02     0
  0.64432420E-01  0.87717628E+00  0.17906776E+01 -0.24747839E-01  0.17025471E+01  0.66297023E-01  0.26811350E-01  0.16954375E+01  0.13800000E+00  0.26323434E+02     0
  0.64432420E-01  0.87717628E+00  0.17906776E+01 -0.24747839E-01  0.24549074E+02 -0.13533558E+00 -0.29734847E+00  0.24546512E+02  0.13800000E+00  0.24721131E+02     0
  0.66258678E-01 -0.53089374E+00  0.13873484E+01 -0.23914520E-01  0.57751513E+01  0.23485867E+00 -0.27852076E-01 -0.56303985E+01  0.12629530E+01  0.80191531E+02     1
  0.66258678E-01 -0.14923016E+00  0.18323795E+01 -0.19697299E-01  0.31377110E+02 -0.41008704E+00 -0.20319715E-01  0.31350210E+02  0.12323714E+01  0.84959136E+02     0
  0.66258678E-01 -0.14923016E+00  0.18323795E+01 -0.19697299E-01  0.77895441E+01 -0.22260892E-01  0.20608097E+00  0.77125521E+01  0.10726479E+01  0.53325587E+02     0
  0.66258678E-01 -0.14923016E+00  0.18323795E+01 -0.19697299E-01  0.24071938E+02 -0.54553798E+00 -0.47593247E+00  0.23993559E+02  0.18008863E+01  0.45987371E+02     0
  0.66258678E-01 -0.14923016E+00  0.18323795E+01 -0.19697299E-01  0.80910622E+01  0.47183390E+00 -0.58231071E-01  0.80261764E+01  0.90540682E+00  0.22167309E+02     0
  0.66258678E-01 -0.14923016E+00  0.18323795E+01 -0.19697299E-01  0.64514609E+01 -0.37931950E+00  0.19448167E+00  0.64183803E+01  0.49399999E+00  0.14131437E+02     0
  0.66258678E-01 -0.14923016E+00  0.18323795E+01 -0.19697299E-01  0.14441054E+01  0.10377025E+00  0.24363059E+00  0.14128950E+01  0.13800000E+00  0.76880442E+01     0
  0.66258678E-01 -0.14923016E+00  0.18323795E+01 -0.19697299E-01  0.18517417E+01  0.30925040E-01  0.21634699E+00  0.17555557E+01  0.54699999E+00  0.62147038E+01     0
  0.66258678E-01 -0.14923016E+00  0.18323795E+01 -0.19697299E-01  0.40660483E+01  0.36465042E+00 -0.55656488E+00  0.39330600E+01  0.78806951E+00  0.47344100E+01     0
  0.66258678E-01 -0.53089374E+00  0.13873484E+01 -0.23914520E-01  0.60153840E+00 -0.94042566E-01  0.98215807E-02 -0.57780964E+00  0.13800000E+00  0.32231187E+02     0
  0.66258678E-01 -0.53089374E+00  0.13873484E+01 -0.23914520E-01  0.16369398E+02  0.16163025E+01 -0.86333355E+00 -0.16226855E+02  0.11351666E+01  0.31437402E+02     0
  0.66258678E-01 -0.53089374E+00  0.13873484E+01 -0.23914520E-01  0.14966420E+02  0.65321273E+00  0.21919815E+00 -0.14888832E+02  0.13570854E+01  0.80191531E+02     0
  0.68869287E-01  0.20421174E+01 -0.34383882E+01 -0.10808237E-01  0.39014300E+02 -0.34131699E+00 -0.46389157E+00  0.38991323E+02  0.12085732E+01  0.12277013E+03     1
  0.68869287E-01  0.20421174E+01 -0.34383882E+01 -0.10808237E-01  0.18757871E+02 -0.63663747E+00 -0.49253745E+00  0.18697063E+02  0.12765784E+01  0.83559730E+02     0
  0.68869287E-01  0.20421174E+01 -0.34383882E+01 -0.10808237E-01  0.10503358E+02  0.11259526E+00  0.34898741E-01  0.10501790E+02  0.13800000E+00  0.65223149E+02     0
  0.68869287E-01  0.20421174E+01 -0.34383882E+01 -0.10808237E-01  0.54512561E+02 -0.47112223E+00  0.13989234E+00  0.54507601E+02  0.54699999E+00  0.54735735E+02     0
  0.69879539E-01  0.24465576E+01 -0.30589046E+01 -0.12969098E-01  0.29996045E+02  0.11248320E+01 -0.57616625E-01 -0.29949563E+02  0.12320000E+01  0.18991169E+02     1
  0.72730771E-01 -0.10502276E+01  0.99195220E-01 -0.36324102E-01  0.23102583E+01  0.40377808E+00 -0.75207932E+00 -0.15803207E+01  0.14530037E+01  0.12795502E+02     0
  0.72730771E-01 -0.10502276E+01  0.99195220E-01 -0.36324102E-01  0.45360543E+01  0.24491700E+00  0.19338863E+00 -0.43058479E+01  0.13921489E+01  0.92786582E+01     0
  0.72730771E-01 -0.10502276E+01  0.99195220E-01 -0.36324102E-01  0.32066309E+00  0.37078009E-01  0.49126882E-01  0.28282961E+00  0.13800000E+00  0.29600021E+02     0
  0.72730771E-01 -0.10502276E+01  0.99195220E-01 -0.36324102E-01  0.19892569E+01 -0.40213399E+00 -0.45518304E-01  0.17505797E+01  0.85371545E+00  0.30678691E+02     0
  0.72730771E-01 -0.10502276E+01  0.99195220E-01 -0.36324102E-01  0.20233903E+01 -0.61229629E-01 -0.23454607E+00 -0.14068557E+01  0.14339123E+01  0.55130610E+01     0
  0.72730771E-01 -0.10502276E+01  0.99195220E-01 -0.36324102E-01  0.16351589E+01  0.12018320E+00  0.54637094E-01 -0.32466180E+00  0.15971569E+01  0.48328656E+01     0
  0.72730771E-01 -0.10502276E+01  0.99195220E-01 -0.36324102E-01  0.17950527E+01 -0.13600394E-01 -0.14054504E+00  0.50646831E+00  0.17163235E+01  0.52200191E+01     0
  0.72730771E-01 -0.10502276E+01  0.99195220E-01 -0.36324102E-01  0.15894446E+01 -0.11012480E+00 -0.58245913E+00  0.42960698E+00  0.14108104E+01  0.38996930E+01     0
  0.72730771E-01 -0.10502276E+01  0.99195220E-01 -0.36324102E-01  0.63231946E+01  0.28642758E+00  0.79485503E+00  0.62076372E+01  0.85685243E+00  0.15480859E+02     0
  0.79660060E-01 -0.87301633E+00  0.21199858E+00 -0.43940025E-01  0.62449649E+01 -0.19044015E+00 -0.29560760E+00 -0.62335296E+01  0.13800000E+00  0.64312850E+01     0
  0.79755663E-01 -0.10497260E+01  0.10004015E+00  0.39016177E-01  0.42813754E+02  0.10869402E+01  0.13529359E+01  0.42768281E+02  0.93800002E+00  0.37997588E+02     1
  0.79755663E-01 -0.95539994E+00  0.29502921E+00  0.35851882E-01  0.74301210E+01  0.11699945E+01 -0.74048782E+00 -0.71508172E+01  0.14680945E+01  0.43455330E+02     0
  0.79755663E-01 -0.95539994E+00  0.29502921E+00  0.35851882E-01  0.17754849E+02 -0.31601456E+00 -0.20224395E-01 -0.17713029E+02  0.11760059E+01  0.37011924E+02     0
  0.79755663E-01 -0.95539994E+00  0.29502921E+00  0.35851882E-01  0.55885579E+01 -0.33079899E+00 -0.60050439E-01 -0.55241983E+01  0.77600189E+00  0.19257489E+02     0
  0.79755663E-01 -0.95539994E+00  0.29502921E+00  0.35851882E-01  0.45660204E+01 -0.39224578E+00  0.12396192E+00 -0.44753616E+01  0.80650963E+00  0.13771979E+02     0
  0.79755663E-01 -0.95539994E+00  0.29502921E+00  0.35851882E-01  0.23640614E+00  0.19165983E+00  0.62638926E-02  0.84342779E-02  0.13800000E+00  0.61052950E+01     0
  0.79755663E-01 -0.95539994E+00  0.29502921E+00  0.35851882E-01  0.40750984E+00  0.68171153E-01 -0.28520705E+00 -0.24704231E+00  0.13800000E+00  0.79215660E+01     0
  0.79755663E-01 -0.95539994E+00  0.29502921E+00  0.35851882E-01  0.31482728E+01  0.62902468E+00 -0.53258141E+00 -0.27784426E+01  0.12298632E+01  0.92105499E+01     0
  0.79755663E-01 -0.95539994E+00  0.29502921E+00  0.35851882E-01  0.27037705E+01 -0.13250376E+01  0.25355353E+00 -0.19766304E+01  0.12582898E+01  0.65709371E+01     0
  0.79755663E-01 -0.95539994E+00  0.29502921E+00  0.35851882E-01  0.29547761E+01  0.10592605E+01 -0.26169042E-01 -0.20792130E+01  0.18124176E+01  0.53650682E+01     0
  0.79755663E-01 -0.95539994E+00  0.29502921E+00  0.35851882E-01  0.84061458E+00 -0.51484265E-01  0.14457988E+00 -0.27262378E+00  0.78022764E+00  0.31467668E+01     0
  0.83141632E-01 -0.14887904E+00  0.18318777E+01 -0.28656953E-02  0.16531867E+02  0.26091821E+00 -0.10558030E+01  0.16449985E+02  0.12320000E+01  0.10284459E+03     1
  0.83141632E-01  0.10706241E+00  0.19727009E+01 -0.79712874E-02  0.69010572E+01  0.67560839E+00  0.13606895E+00 -0.67623047E+01  0.11920000E+01  0.10704139E+03     1
  0.83141632E-01  0.10706241E+00  0.19727009E+01 -0.79712874E-02  0.41760433E+01 -0.52302700E+00 -0.45605330E+00 -0.39893506E+01  0.10212137E+01  0.23619030E+02     0
  0.83141632E-01  0.10706241E+00  0.19727009E+01 -0.79712874E-02  0.27097803E+01  0.54671307E+00 -0.80659791E+00 -0.22371890E+01  0.11783036E+01  0.13036839E+02     0
  0.83141632E-01  0.10706241E+00  0.19727009E+01 -0.79712874E-02  0.19640785E+01 -0.70744399E+00  0.29443211E+00 -0.16280526E+01  0.78732566E+00  0.10551253E+02     0
  0.83141632E-01  0.10706241E+00  0.19727009E+01 -0.79712874E-02  0.11541194E+01  0.14448652E+00  0.18181924E+00 -0.11220574E+01  0.13800000E+00  0.90503926E+01     0
  0.83141632E-01  0.10706241E+00  0.19727009E+01 -0.79712874E-02  0.20791075E+01  0.23330035E+00  0.19252052E+00 -0.14638765E+01  0.14450815E+01  0.80265837E+01     0
  0.83141632E-01  0.10706241E+00  0.19727009E+01 -0.79712874E-02  0.86333248E+00 -0.60237801E+00 -0.19037006E-01 -0.60255896E+00  0.13800000E+00  0.64868184E+01     0
  0.83141632E-01  0.10706241E+00  0.19727009E+01 -0.79712874E-02  0.11324465E+01 -0.55019917E-01  0.26114124E-01 -0.11223555E+01  0.13800000E+00  0.60648837E+01     0
  0.83141632E-01  0.10706241E+00  0.19727009E+01 -0.79712874E-02  0.19933634E+01  0.54667318E+00  0.19527746E+00 -0.15628953E+01  0.10926439E+01  0.50609199E+01     0
  0.83141632E-01  0.10706241E+00  0.19727009E+01 -0.79712874E-02  0.20731390E+01 -0.21994809E+00 -0.60062063E+00 -0.14732990E+01  0.13107910E+01  0.10704139E+03     0
  0.88204190E-01 -0.77659850E+00  0.21003912E+01  0.44978881E-01  0.10721085E+02 -0.19410717E+01  0.13836312E+01  0.10410554E+02  0.93800002E+00  0.11131941E+03     1
  0.88204190E-01 -0.16886922E+01  0.23144380E+01  0.93129915E-03  0.46381140E+02  0.85405191E+00 -0.26069322E+00 -0.46355947E+02  0.12405809E+01  0.10228794E+03     1
  0.88204190E-01 -0.77659850E+00  0.21003912E+01  0.44978881E-01  0.11898463E+01 -0.14784862E+00 -0.52369292E-01  0.11713618E+01  0.13800000E+00  0.19354439E+02     0
  0.88204190E-01 -0.77659850E+00  0.21003912E+01  0.44978881E-01  0.17968358E+02 -0.25076687E+01  0.19702644E+01  0.17645682E+02  0.11495413E+01  0.11131941E+03     0
  0.88204190E-01 -0.16886922E+01  0.23144380E+01  0.93129915E-03  0.21123858E+01  0.41480345E-01 -0.21408751E+00 -0.15810861E+01  0.13837580E+01  0.44013054E+02     0
  0.88204190E-01 -0.16886922E+01  0.23144380E+01  0.93129915E-03  0.45007975E+01  0.30744408E+00 -0.57328832E+00 -0.42304006E+01  0.13920153E+01  0.51570263E+02     0
  0.88204190E-01 -0.16886922E+01  0.23144380E+01  0.93129915E-03  0.10821879E+02 -0.32848858E+00 -0.30437048E-01 -0.10704569E+02  0.15544915E+01  0.50750197E+02     0
  0.88204190E-01 -0.16886922E+01  0.23144380E+01  0.93129915E-03  0.48233563E+01  0.43749791E+00  0.38554558E+00 -0.44535138E+01  0.17581044E+01  0.37728150E+02     0
  0.88204190E-01 -0.16886922E+01  0.23144380E+01  0.93129915E-03  0.79541503E+01 -0.12737593E+00 -0.65321283E+00 -0.78167314E+01  0.13131284E+01  0.35937697E+02     0
  0.88204190E-01 -0.16886922E+01  0.23144380E+01  0.93129915E-03  0.99535768E+01  0.32151684E+00  0.74660523E-01 -0.98638385E+01  0.12920656E+01  0.28616184E+02     0
  0.88204190E-01 -0.16886922E+01  0.23144380E+01  0.93129915E-03  0.24407462E+01  0.17762958E+00 -0.29451275E+00 -0.22034110E+01  0.99193336E+00  0.17364261E+02     0
  0.88204190E-01 -0.16886922E+01  0.23144380E+01  0.93129915E-03  0.14106843E+01  0.13047873E+00  0.16549538E+00 -0.13880103E+01  0.13800000E+00  0.16807458E+02     0
  0.88204190E-01 -0.16886922E+01  0.23144380E+01  0.93129915E-03  0.17431167E+01 -0.64949438E+00 -0.23561306E+00 -0.15943824E+01  0.13800000E+00  0.14746001E+02     0
  0.88204190E-01 -0.16886922E+01  0.23144380E+01  0.93129915E-03  0.92814904E+01  0.34962464E+00  0.15432154E+00 -0.89609852E+01  0.23876254E+01  0.14240215E+02     0
  0.88204190E-01 -0.16886922E+01  0.23144380E+01  0.93129915E-03  0.22506331E+01  0.29350850E+00 -0.15971480E+00 -0.15262043E+01  0.16199981E+01  0.50150956E+01     0
  0.10510923E+00 -0.17252461E+01  0.51885883E-01 -0.47518823E-02  0.10968218E+02 -0.20240358E+00  0.48013568E+00 -0.10880437E+02  0.12831243E+01  0.12556923E+03     1
  0.10510923E+00 -0.17252461E+01  0.51885883E-01 -0.47518823E-02  0.11787117E+02 -0.45804721E+00  0.16428500E+00 -0.11752016E+02  0.76775340E+00  0.11483156E+03     0
  0.10510923E+00 -0.17252461E+01  0.51885883E-01 -0.47518823E-02  0.24808499E+02 -0.19003568E+00 -0.32082361E+00 -0.24792903E+02  0.79657290E+00  0.10307061E+03     0
  0.10510923E+00 -0.17252461E+01  0.51885883E-01 -0.47518823E-02  0.33943902E+02 -0.29615445E+00  0.61805498E+00 -0.33936702E+02  0.13800000E+00  0.78300278E+02     0
  0.10510923E+00 -0.17252461E+01  0.51885883E-01 -0.47518823E-02  0.87301997E+01 -0.25386816E+00  0.26054418E+00 -0.87215257E+01  0.13800000E+00  0.44370893E+02     0
  0.10510923E+00 -0.17252461E+01  0.51885883E-01 -0.47518823E-02  0.33016996E+02 -0.15071508E+01 -0.19699041E-01 -0.32961082E+02  0.11904703E+01  0.35666002E+02     0
  0.10510923E+00 -0.17252461E+01  0.51885883E-01 -0.47518823E-02  0.25302804E+01 -0.10572316E+00  0.37501270E+00 -0.23528679E+01  0.84529280E+00  0.27566568E+01     0
  0.11096914E+00  0.21646687E+01 -0.27527507E+01  0.19966456E-01  0.38290944E+02  0.12828623E+01 -0.58632076E+00  0.38246095E+02  0.12012833E+01  0.66472365E+02     1
  0.11096914E+00  0.24270854E+01 -0.30581084E+01 -0.37836478E-01  0.11829512E+01 -0.66240447E+00  0.20134159E+00  0.20052796E+00  0.93800002E+00  0.34336191E+01     1
  0.11096914E+00  0.21646687E+01 -0.27527507E+01  0.19966456E-01  0.77783336E+01 -0.31350607E+00 -0.54356084E+00  0.76284484E+01  0.13840174E+01  0.23204490E+02     0
  0.11096914E+00  0.21646687E+01 -0.27527507E+01  0.19966456E-01  0.53648786E+01  0.26458134E+00 -0.54490775E-01  0.53008455E+01  0.78101647E+00  0.21777095E+02     0
  0.11096914E+00  0.21646687E+01 -0.27527507E+01  0.19966456E-01  0.62924312E+00 -0.58387646E-02  0.80286048E-01  0.60862383E+00  0.13800000E+00  0.12972944E+02     0
  0.11096914E+00  0.21646687E+01 -0.27527507E+01  0.19966456E-01  0.33039755E+01 -0.19444682E+00  0.55581719E+00  0.31218265E+01  0.90758532E+00  0.11772230E+02     0
  0.11096914E+00  0.21646687E+01 -0.27527507E+01  0.19966456E-01  0.12458494E+02  0.43344003E+00 -0.38079667E+00  0.12374728E+02  0.13218543E+01  0.22579413E+02     0
  0.11096914E+00  0.24270854E+01 -0.30581084E+01 -0.37836478E-01  0.44336393E+01 -0.30734904E+00 -0.17483735E+00  0.44173614E+01  0.13800000E+00  0.48316006E+02     0
  0.11096914E+00  0.24270854E+01 -0.30581084E+01 -0.37836478E-01  0.43921303E+01 -0.46304022E+00  0.10311012E+00  0.43320390E+01  0.54699999E+00  0.42100107E+02     0
  0.11096914E+00  0.24270854E+01 -0.30581084E+01 -0.37836478E-01  0.96160470E+00 -0.23108074E+00  0.40955612E+00 -0.16949670E-02  0.83877662E+00  0.22073445E+01     0
  0.11096914E+00  0.24270854E+01 -0.30581084E+01 -0.37836478E-01  0.12252635E+01  0.53083379E+00  0.10766395E+00  0.55926401E+00  0.94610698E+00  0.22411656E+01     0
  0.11096914E+00  0.24270854E+01 -0.30581084E+01 -0.37836478E-01  0.92850131E+01 -0.24376115E+00  0.38090429E+00  0.91612069E+01  0.14419603E+01  0.17314106E+02     0
  0.11154008E+00 -0.95544389E+00  0.29524667E+00  0.40731885E-02  0.86996506E+02 -0.12899501E+00 -0.43105969E+00  0.86990285E+02  0.93800002E+00  0.97133619E+02     1
  0.11245695E+00 -0.10505546E+01  0.98684831E-01  0.15643184E-02  0.51127315E+02 -0.27656522E-01 -0.42532638E+00 -0.51116933E+02  0.93800002E+00  0.45015208E+02     1
  0.11245695E+00 -0.10468909E+01  0.10452508E+00  0.10187155E-02  0.53206581E+00 -0.12817896E+00 -0.48366368E+00  0.11700268E+00  0.13800000E+00  0.52768112E+01     0
  0.11245695E+00 -0.10468909E+01  0.10452508E+00  0.10187155E-02  0.24783579E+01  0.25384804E+00  0.38722603E+00  0.94584364E+00  0.22434917E+01  0.44015927E+01     0
  0.11245695E+00 -0.10468909E+01  0.10452508E+00  0.10187155E-02  0.19117623E+01  0.16814429E+00  0.21613303E+00  0.57005517E+00  0.18041304E+01  0.82330491E+02     0
  0.11500436E+00 -0.10462829E+01  0.10593908E+00  0.15610986E-02  0.12543556E+01  0.38302072E+00  0.73579666E+00  0.73907840E-01  0.93800002E+00  0.82330491E+02     1
  0.11500436E+00 -0.87225448E+00  0.21145598E+00 -0.79260340E-01  0.76285389E+01  0.11742946E+00 -0.31167286E+00 -0.75274705E+01  0.11920000E+01  0.52878200E+02     1
  0.11500436E+00 -0.87225448E+00  0.21145598E+00 -0.79260340E-01  0.52409129E+01 -0.80476393E-01  0.19205724E-01 -0.52169231E+01  0.49399999E+00  0.36779519E+02     0
  0.11500436E+00 -0.87225448E+00  0.21145598E+00 -0.79260340E-01  0.16339876E+02  0.47454640E+00 -0.15367914E+00 -0.16331677E+02  0.13800000E+00  0.37637187E+02     0
  0.11500436E+00 -0.87225448E+00  0.21145598E+00 -0.79260340E-01  0.17301340E+02  0.40029054E+00 -0.32611110E+00 -0.17249586E+02  0.12335261E+01  0.52878200E+02     0
