     15  10.912        41
  0.30170823E-01  0.79294746E+00 -0.10990742E+01 -0.52519461E-03  0.39882439E+02 -0.37701208E+00  0.87138714E+00  0.39851078E+02  0.12645200E+01  0.25261841E+02     1
  0.30170823E-01  0.79294746E+00 -0.10990742E+01 -0.52519461E-03  0.15305376E+01  0.12087145E+00 -0.68024157E-01  0.13269519E+01  0.75000450E+00  0.16627345E+01     0
  0.30170823E-01  0.79294746E+00 -0.10990742E+01 -0.52519461E-03  0.37728071E+01 -0.11416719E+00  0.71352489E-01  0.36429249E+01  0.97213474E+00  0.31349314E+01     0
  0.30170823E-01  0.79294746E+00 -0.10990742E+01 -0.52519461E-03  0.36825510E+01  0.52696790E+00 -0.56368936E-01  0.36417152E+01  0.13498000E+00  0.21855929E+02     0
  0.30170823E-01  0.79294746E+00 -0.10990742E+01 -0.52519461E-03  0.10209074E+02 -0.67939362E+00 -0.24057839E+00  0.10171632E+02  0.49360000E+00  0.16576483E+02     0
  0.30170823E-01  0.79294746E+00 -0.10990742E+01 -0.52519461E-03  0.11055546E+01 -0.14939137E+00  0.80986461E-01  0.97247051E+00  0.49767000E+00  0.18073397E+01     0
  0.30170823E-01  0.79294746E+00 -0.10990742E+01 -0.52519461E-03  0.35120125E+01 -0.29476499E+00 -0.47549447E+00  0.34643572E+01  0.13957000E+00  0.20160643E+02     0
  0.30170823E-01  0.79294746E+00 -0.10990742E+01 -0.52519461E-03  0.16950599E+01 -0.45429060E+00 -0.16203264E+00  0.16189854E+01  0.13957000E+00  0.97460691E+01     0
  0.30170823E-01  0.79294746E+00 -0.10990742E+01 -0.52519461E-03  0.21852237E+01 -0.19650082E+00 -0.21401907E+00  0.21613205E+01  0.13957000E+00  0.12555635E+02     0
  0.30170823E-01  0.79294746E+00 -0.10990742E+01 -0.52519461E-03  0.15473533E+01 -0.27605746E+00 -0.17840366E+00  0.15055853E+01  0.13957000E+00  0.88994312E+01     0
  0.30170823E-01  0.79294746E+00 -0.10990742E+01 -0.52519461E-03  0.42875256E+01 -0.62492838E+00 -0.66791928E+00  0.40912602E+01  0.89878471E+00  0.38464579E+01     0
  0.30170823E-01  0.79294746E+00 -0.10990742E+01 -0.52519461E-03  0.22869729E+01  0.49934390E+00  0.73529007E-01  0.21623581E+01  0.54745000E+00  0.33721715E+01     0
  0.30170823E-01  0.79294746E+00 -0.10990742E+01 -0.52519461E-03  0.26673676E+01 -0.10004755E+01 -0.72703849E+00  0.21605793E+01  0.95771120E+00  0.22582894E+01     0
  0.30170823E-01  0.79294746E+00 -0.10990742E+01 -0.52519461E-03  0.13065417E+01  0.18351957E+00  0.79576686E+00 -0.69519794E-01  0.10174940E+01  0.10574333E+01     0
  0.30170823E-01  0.79294746E+00 -0.10990742E+01 -0.52519461E-03  0.17727078E+01 -0.16797349E+00 -0.15572580E+01 -0.66752112E+00  0.49360000E+00  0.29032790E+01     0
  0.30170823E-01  0.79294746E+00 -0.10990742E+01 -0.52519461E-03  0.10864026E+01  0.57465048E+00  0.29896866E+00  0.51424162E+00  0.70442943E+00  0.12639667E+01     0
  0.30170823E-01  0.79294746E+00 -0.10990742E+01 -0.52519461E-03  0.55659410E+00 -0.19151105E+00 -0.71999512E-01 -0.49845441E+00  0.13957000E+00  0.32205075E+01     0
  0.30170823E-01  0.79294746E+00 -0.10990742E+01 -0.52519461E-03  0.51293921E+00  0.29735427E+00  0.32078170E+00  0.22870590E+00  0.13957000E+00  0.29702824E+01     0
  0.30170823E-01  0.79294746E+00 -0.10990742E+01 -0.52519461E-03  0.97479448E+00  0.48555253E-01  0.48437931E+00  0.53957826E+00  0.64969119E+00  0.12304881E+01     0
  0.30170823E-01  0.79294746E+00 -0.10990742E+01 -0.52519461E-03  0.61684544E+00  0.35518932E+00  0.17812212E+00  0.45070120E+00  0.13957000E+00  0.35658615E+01     0
  0.30170823E-01  0.79294746E+00 -0.10990742E+01 -0.52519461E-03  0.30731520E+01  0.21747000E+00  0.43408854E+00  0.30313458E+01  0.13957000E+00  0.17645143E+02     0
  0.30170823E-01  0.79294746E+00 -0.10990742E+01 -0.52519461E-03  0.38560219E+01  0.47738817E+00  0.13530270E+00  0.37317278E+01  0.83480939E+00  0.37254066E+01     0
  0.30170823E-01  0.79294746E+00 -0.10990742E+01 -0.52519461E-03  0.18943505E+01 -0.33174969E-01 -0.14843944E+00  0.15301957E+01  0.11063137E+01  0.14000178E+01     0
  0.30170823E-01  0.79294746E+00 -0.10990742E+01 -0.52519461E-03  0.69066142E+00  0.67379445E+00 -0.55921134E-01  0.20180913E-01  0.13957000E+00  0.39889666E+01     0
  0.30170823E-01  0.79294746E+00 -0.10990742E+01 -0.52519461E-03  0.16144560E+01  0.17564861E+00  0.52881595E-01  0.11454934E+01  0.11227930E+01  0.11804851E+01     0
  0.30170823E-01  0.79294746E+00 -0.10990742E+01 -0.52519461E-03  0.41438042E+00  0.11711026E+00  0.37007475E+00  0.39512224E-01  0.13957000E+00  0.24053541E+01     0
  0.30170823E-01  0.79294746E+00 -0.10990742E+01 -0.52519461E-03  0.13204992E+01  0.11297460E+01  0.47791245E-01 -0.18631776E+00  0.65604400E+00  0.16404277E+01     0
  0.30170823E-01  0.79294746E+00 -0.10990742E+01 -0.52519461E-03  0.12737197E+01 -0.68404521E+00 -0.50610445E+00 -0.77369289E+00  0.54745000E+00  0.18914837E+01     0
  0.30170823E-01  0.79294746E+00 -0.10990742E+01 -0.52519461E-03  0.25463214E+01  0.80342079E+00 -0.13862452E+00 -0.24082299E+01  0.13957000E+00  0.14625407E+02     0
  0.30170823E-01  0.79294746E+00 -0.10990742E+01 -0.52519461E-03  0.19681336E+01 -0.82966967E+00  0.40977486E+00 -0.15508754E+01  0.78234786E+00  0.20427115E+01     0
  0.30170823E-01  0.79294746E+00 -0.10990742E+01 -0.52519461E-03  0.23712905E+01  0.56958153E+00  0.11516295E+00 -0.22328527E+01  0.54745000E+00  0.34953866E+01     0
  0.30170823E-01  0.79294746E+00 -0.10990742E+01 -0.52519461E-03  0.24838572E+01 -0.42428236E+00 -0.69410591E-01 -0.23843262E+01  0.54745000E+00  0.36598826E+01     0
  0.30170823E-01  0.79294746E+00 -0.10990742E+01 -0.52519461E-03  0.51206724E+01  0.53443333E+00  0.10847569E+00 -0.50214107E+01  0.84221993E+00  0.48941473E+01     0
  0.30170823E-01  0.79294746E+00 -0.10990742E+01 -0.52519461E-03  0.11344872E+02 -0.96142799E+00 -0.16019376E+00 -0.11246596E+02  0.11270347E+01  0.80830709E+01     0
  0.30170823E-01  0.79294746E+00 -0.10990742E+01 -0.52519461E-03  0.20249616E+02  0.18626707E+00  0.53688609E+00 -0.20229829E+02  0.69140977E+00  0.23460116E+02     0
  0.30170823E-01  0.79294746E+00 -0.10990742E+01 -0.52519461E-03  0.23326426E+00  0.45700435E-01  0.18465387E+00  0.26516338E-02  0.13498000E+00  0.14126824E+01     0
  0.30170823E-01  0.79294746E+00 -0.10990742E+01 -0.52519461E-03  0.68347918E+01 -0.17567891E+00 -0.24479936E+00  0.67781733E+01  0.82459464E+00  0.66611059E+01     0
  0.30170823E-01  0.79294746E+00 -0.10990742E+01 -0.52519461E-03  0.24347780E+00  0.13919971E+00  0.64596395E-01 -0.13233512E+00  0.13498000E+00  0.14732160E+01     0
  0.38718520E-01  0.65909936E+00 -0.14120911E+01 -0.96487734E-02  0.16044795E+01 -0.98840702E-01  0.37392467E+00 -0.92598490E+00  0.12519255E+01  0.10640061E+01     1
  0.38718520E-01  0.65909936E+00 -0.14120911E+01 -0.96487734E-02  0.24468875E+01 -0.60439678E-01 -0.17920278E+00  0.22519195E+01  0.93827000E+00  0.21250156E+01     1
  0.38718520E-01  0.65909936E+00 -0.14120911E+01 -0.96487734E-02  0.61919095E+01  0.21247981E+00  0.48802951E+00  0.60972184E+01  0.93827000E+00  0.53181451E+01    -1
  0.38718520E-01  0.65909936E+00 -0.14120911E+01 -0.96487734E-02  0.62304438E+01 -0.50119828E+00 -0.48995259E-01  0.61387685E+01  0.93827000E+00  0.53510007E+01     1
  0.38718520E-01  0.65909936E+00 -0.14120911E+01 -0.96487734E-02  0.11759123E+02  0.32864793E+00 -0.32123885E+00  0.11712618E+02  0.93827000E+00  0.10064935E+02    -1
  0.38718520E-01  0.65909936E+00 -0.14120911E+01 -0.96487734E-02  0.20453249E+02 -0.62241861E+00  0.67544856E+00  0.20397784E+02  0.11925500E+01  0.43266471E+02     1
  0.38718520E-01  0.65909936E+00 -0.14120911E+01 -0.96487734E-02  0.23090128E+01  0.11623619E+01 -0.51616922E-01 -0.18582116E+01  0.72445870E+00  0.25884985E+01     0
  0.38718520E-01  0.65909936E+00 -0.14120911E+01 -0.96487734E-02  0.19645650E+01  0.83875222E+00 -0.14770866E+01 -0.65673896E+00  0.73683064E+00  0.21717079E+01     0
  0.38718520E-01  0.65909936E+00 -0.14120911E+01 -0.96487734E-02  0.87179101E+00 -0.27021583E+00  0.23432159E+00 -0.16430218E+00  0.77788248E+00  0.93529715E+00     0
  0.38718520E-01  0.65909936E+00 -0.14120911E+01 -0.96487734E-02  0.17283779E+01 -0.13244394E+00 -0.20725066E+00  0.15210778E+01  0.78301864E+00  0.18045798E+01     0
  0.38718520E-01  0.65909936E+00 -0.14120911E+01 -0.96487734E-02  0.14916610E+01 -0.34060886E+00  0.71708549E-01  0.13624319E+01  0.49767000E+00  0.24365500E+01     0
  0.38718520E-01  0.65909936E+00 -0.14120911E+01 -0.96487734E-02  0.19767515E+01  0.64442596E+00 -0.47630841E+00  0.15733677E+01  0.88876655E+00  0.18180397E+01     0
  0.38718520E-01  0.65909936E+00 -0.14120911E+01 -0.96487734E-02  0.32567361E+01 -0.38979141E+00 -0.36466801E+00  0.30666039E+01  0.95778426E+00  0.27589437E+01     0
  0.38718520E-01  0.65909936E+00 -0.14120911E+01 -0.96487734E-02  0.66588640E+01 -0.38168984E-01  0.13954758E+00  0.66558290E+01  0.13957000E+00  0.43266471E+02     0
  0.38718520E-01  0.65909936E+00 -0.14120911E+01 -0.96487734E-02  0.67906377E+01 -0.64531808E-01  0.12944546E+00 -0.67663184E+01  0.55567630E+00  0.43266471E+02     0
  0.38718520E-01  0.65909936E+00 -0.14120911E+01 -0.96487734E-02  0.37273471E+01 -0.75359801E+00  0.10504931E+00 -0.36461886E+01  0.13957000E+00  0.21403465E+02     0
  0.38718520E-01  0.65909936E+00 -0.14120911E+01 -0.96487734E-02  0.18479053E+01  0.30458030E+00  0.24781381E+00 -0.16243044E+01  0.78880179E+00  0.19128576E+01     0
  0.38718520E-01  0.65909936E+00 -0.14120911E+01 -0.96487734E-02  0.20123971E+01  0.46303400E+00  0.12942329E+00 -0.17397335E+01  0.88989807E+00  0.18478219E+01     0
  0.38718520E-01  0.65909936E+00 -0.14120911E+01 -0.96487734E-02  0.17027703E+00 -0.39402423E-01  0.89228090E-01  0.52899838E-03  0.13957000E+00  0.10147279E+01     0
  0.38718520E-01  0.65909936E+00 -0.14120911E+01 -0.96487734E-02  0.14446667E+01 -0.73381189E+00 -0.34258903E+00 -0.84151110E+00  0.85033748E+00  0.13978652E+01     0
  0.38718520E-01  0.65909936E+00 -0.14120911E+01 -0.96487734E-02  0.12271951E+01  0.66340017E+00  0.73069716E+00  0.47889151E-01  0.72780243E+00  0.13876507E+01     0
  0.38718520E-01  0.65909936E+00 -0.14120911E+01 -0.96487734E-02  0.18672641E+01 -0.44970420E+00 -0.42055961E+00  0.15903078E+01  0.76058683E+00  0.20027432E+01     0
  0.38718520E-01  0.65909936E+00 -0.14120911E+01 -0.96487734E-02  0.35865624E+02  0.38665720E+00  0.24275066E+00  0.35851481E+02  0.89771095E+00  0.43266471E+02     0
  0.41405123E-01  0.33036066E+00 -0.13760046E+01 -0.41446367E-01  0.43663157E+01 -0.28616623E+00  0.12179696E+00  0.43530384E+01  0.13800000E+00  0.15292279E+02     0
  0.41405123E-01  0.33036066E+00 -0.13760046E+01 -0.41446367E-01  0.11515029E+02  0.27375477E-01 -0.60123621E+00  0.11498462E+02  0.13800000E+00  0.11964262E+02     0
  0.46026134E-01  0.15264707E+00  0.80077097E+00  0.49459423E-02  0.39926102E+02  0.22423855E+00  0.49044018E+00  0.39911402E+02  0.93957000E+00  0.34041238E+02    -1
  0.46026134E-01  0.15264707E+00  0.80077097E+00  0.49459423E-02  0.95978134E+01  0.65389073E+00  0.31887565E+00  0.95239685E+01  0.93957000E+00  0.82181163E+01     1
  0.46026134E-01  0.15264707E+00  0.80077097E+00  0.49459423E-02  0.21618450E+01 -0.28917928E+00  0.18209419E+00 -0.17250752E+01  0.12573410E+01  0.14215288E+01     1
  0.46026134E-01  0.15264707E+00  0.80077097E+00  0.49459423E-02  0.28696448E+01  0.33881523E+00  0.26681784E+00 -0.26774098E+01  0.93827000E+00  0.24927801E+01    -1
  0.46026134E-01  0.15264707E+00  0.80077097E+00  0.49459423E-02  0.15340914E+02 -0.14306540E+00  0.20912319E+00  0.15322956E+02  0.69747394E+00  0.17641997E+02     0
  0.46026134E-01  0.15264707E+00  0.80077097E+00  0.49459423E-02  0.28328161E+01  0.68550854E-01  0.12245485E+00  0.27149927E+01  0.79622050E+00  0.28922890E+01     0
  0.46026134E-01  0.15264707E+00  0.80077097E+00  0.49459423E-02  0.40297915E+01  0.70578782E-01 -0.22481687E+00  0.39072236E+01  0.95775712E+00  0.34120498E+01     0
  0.46026134E-01  0.15264707E+00  0.80077097E+00  0.49459423E-02  0.60757728E+00 -0.68288717E-01  0.24157805E+00  0.80158211E-01  0.54745000E+00  0.93389137E+00     0
  0.46026134E-01  0.15264707E+00  0.80077097E+00  0.49459423E-02  0.11894103E+01  0.48216144E+00 -0.55727237E+00 -0.23915884E+00  0.90247869E+00  0.11003760E+01     0
  0.46026134E-01  0.15264707E+00  0.80077097E+00  0.49459423E-02  0.85943589E+00 -0.28400816E+00  0.94534462E-01 -0.17168692E+00  0.78711896E+00  0.91952652E+00     0
  0.46026134E-01  0.15264707E+00  0.80077097E+00  0.49459423E-02  0.13005186E+01  0.27641190E+00 -0.20462935E+00 -0.12464318E+01  0.13957000E+00  0.75004569E+01     0
  0.46026134E-01  0.15264707E+00  0.80077097E+00  0.49459423E-02  0.43087046E+01  0.35757786E-01 -0.11503957E+00 -0.42314965E+01  0.80303168E+00  0.43384641E+01     0
  0.46026134E-01  0.15264707E+00  0.80077097E+00  0.49459423E-02  0.19510425E+01 -0.13158322E+00 -0.66633578E+00 -0.16444918E+01  0.80055977E+00  0.19957044E+01     0
  0.46026134E-01  0.15264707E+00  0.80077097E+00  0.49459423E-02  0.21781755E+02 -0.33118252E+00  0.90394702E+00 -0.21760023E+02  0.13957000E+00  0.12489667E+03     0
  0.46026134E-01  0.15264707E+00  0.80077097E+00  0.49459423E-02  0.28062523E+02 -0.43624868E+00 -0.11533308E+00 -0.28048044E+02  0.78024449E+00  0.28819082E+02     0
  0.46026134E-01  0.15264707E+00  0.80077097E+00  0.49459423E-02  0.37711109E+01 -0.27759559E+00  0.43219081E+00  0.37032133E+01  0.49360000E+00  0.61580374E+01     0
  0.46026134E-01  0.15264707E+00  0.80077097E+00  0.49459423E-02  0.16286761E+01 -0.30575622E-01 -0.35831918E+00  0.12664265E+01  0.95886515E+00  0.14048626E+01     0
  0.46026134E-01  0.15264707E+00  0.80077097E+00  0.49459423E-02  0.28009994E+01 -0.71396571E-02 -0.56751094E+00  0.26281879E+01  0.78492431E+00  0.29008231E+01     0
  0.46026134E-01  0.15264707E+00  0.80077097E+00  0.49459423E-02  0.28943823E+00 -0.56215243E-01  0.21986384E+00 -0.11311254E+00  0.13957000E+00  0.17050545E+01     0
  0.46026134E-01  0.15264707E+00  0.80077097E+00  0.49459423E-02  0.12344112E+01  0.86881686E+00 -0.79920010E+00 -0.33275782E+00  0.13957000E+00  0.71215365E+01     0
  0.46026134E-01  0.15264707E+00  0.80077097E+00  0.49459423E-02  0.49087461E+00 -0.38017114E+00  0.16576293E+00  0.22242001E+00  0.13957000E+00  0.28596658E+01     0
  0.46026134E-01  0.15264707E+00  0.80077097E+00  0.49459423E-02  0.20966870E+00 -0.45449036E-02  0.79347887E-01 -0.13477550E+00  0.13957000E+00  0.12478242E+01     0
  0.46026134E-01  0.15264707E+00  0.80077097E+00  0.49459423E-02  0.20931571E+01  0.43140910E+00 -0.28586912E+00 -0.18725686E+01  0.77907536E+00  0.21954019E+01     0
  0.46026134E-01  0.15264707E+00  0.80077097E+00  0.49459423E-02  0.10495708E+02 -0.18973064E+00  0.45734898E-01 -0.10492965E+02  0.13957000E+00  0.60206278E+02     0
  0.46026134E-01  0.15264707E+00  0.80077097E+00  0.49459423E-02  0.10167517E+02 -0.28556382E+00 -0.51545178E+00 -0.10135653E+02  0.54745000E+00  0.14904028E+02     0
  0.47137846E-01 -0.75983979E+00 -0.27323436E+01  0.20622618E-01  0.26877748E+02 -0.10873306E+01 -0.42918818E+00  0.26829115E+02  0.11160001E+01  0.87528293E+02     1
  0.47137846E-01 -0.11660527E+01 -0.26054039E+01  0.15971637E-01  0.34318666E+02  0.25015277E+00  0.66396754E+00 -0.34290619E+02  0.11920000E+01  0.10998338E+03     1
  0.47137846E-01 -0.75983979E+00 -0.27323436E+01  0.20622618E-01  0.19164190E+01 -0.12342833E+00  0.19816267E+00  0.15043461E+01  0.11640882E+01  0.66427255E+01    -1
  0.47137846E-01 -0.75983979E+00 -0.27323436E+01  0.20622618E-01  0.15740701E+01 -0.21348104E+00  0.24232986E+00  0.67671474E+00  0.13839999E+01  0.54736333E+01     1
  0.47137846E-01 -0.75983979E+00 -0.27323436E+01  0.20622618E-01  0.82189692E+01 -0.36006502E-01 -0.39702251E+00  0.81576526E+01  0.91936747E+00  0.60703944E+02     0
  0.47137846E-01 -0.75983979E+00 -0.27323436E+01  0.20622618E-01  0.14446185E+02 -0.82973152E+00 -0.48551107E+00  0.14413502E+02  0.13800000E+00  0.52498362E+02     0
  0.47137846E-01 -0.75983979E+00 -0.27323436E+01  0.20622618E-01  0.24106875E+02 -0.20200463E+01 -0.71003266E+00  0.23999100E+02  0.77452024E+00  0.38091968E+02     0
  0.47137846E-01 -0.75983979E+00 -0.27323436E+01  0.20622618E-01  0.21886705E+01  0.42707672E+00 -0.76960004E+00  0.14012019E+01  0.14325617E+01  0.14895108E+02     0
  0.47137846E-01 -0.75983979E+00 -0.27323436E+01  0.20622618E-01  0.28681729E+01  0.37638341E+00  0.61962589E+00  0.13108378E+01  0.24459188E+01  0.13940541E+02     0
  0.47137846E-01 -0.75983979E+00 -0.27323436E+01  0.20622618E-01  0.19571425E+01 -0.26845210E+00  0.85798425E+00  0.15121956E+01  0.85759404E+00  0.11495189E+02     0
  0.47137846E-01 -0.75983979E+00 -0.27323436E+01  0.20622618E-01  0.67435822E+00  0.28826942E+00  0.39918966E-01  0.59247128E+00  0.13800000E+00  0.95970402E+01     0
  0.47137846E-01 -0.75983979E+00 -0.27323436E+01  0.20622618E-01  0.11051831E+01 -0.28908974E+00 -0.65334741E+00  0.83183530E+00  0.13800000E+00  0.92636886E+01     0
  0.47137846E-01 -0.75983979E+00 -0.27323436E+01  0.20622618E-01  0.17532964E+01  0.33502514E+00  0.58553637E+00  0.12919589E+01  0.97457475E+00  0.84135436E+01     0
  0.47137846E-01 -0.75983979E+00 -0.27323436E+01  0.20622618E-01  0.10954033E+01 -0.19345910E+00 -0.10443305E+01  0.22980794E+00  0.13800000E+00  0.77026206E+01     0
  0.47137846E-01 -0.75983979E+00 -0.27323436E+01  0.20622618E-01  0.18585969E+01 -0.59388183E-01 -0.13672317E+00  0.14462150E+01  0.11578534E+01  0.42640032E+01     0
  0.47137846E-01 -0.11660527E+01 -0.26054039E+01  0.15971637E-01  0.15641394E+02 -0.50837404E-01  0.19160714E+00 -0.15552022E+02  0.16578676E+01  0.75676871E+02     0
  0.47137846E-01 -0.11660527E+01 -0.26054039E+01  0.15971637E-01  0.13807247E+02  0.72822740E+00  0.47395519E+00 -0.13779190E+02  0.13800000E+00  0.60057343E+02     0
  0.47137846E-01 -0.11660527E+01 -0.26054039E+01  0.15971637E-01  0.14157371E+02 -0.19754628E-02  0.40489396E-01 -0.14148692E+02  0.49399999E+00  0.46381525E+02     0
  0.47137846E-01 -0.11660527E+01 -0.26054039E+01  0.15971637E-01  0.10686206E+02  0.55491889E+00 -0.36702895E+00 -0.10558188E+02  0.15089805E+01  0.32221703E+02     0
  0.47137846E-01 -0.11660527E+01 -0.26054039E+01  0.15971637E-01  0.21473869E+02 -0.11755330E+00  0.46923391E+00 -0.21427072E+02  0.13317773E+01  0.21738762E+02     0
  0.49135775E-01  0.57556098E+00 -0.44910345E+00 -0.89734164E-02  0.43479096E+02  0.13200566E+00 -0.49787243E+00  0.43458978E+02  0.12180578E+01  0.12998752E+03     1
  0.49135775E-01  0.57556098E+00 -0.44910345E+00 -0.89734164E-02  0.36374638E+01 -0.87154802E-01  0.49515083E+00  0.32605749E+01  0.15319999E+01  0.27095045E+02    -1
  0.49135775E-01  0.57556098E+00 -0.44910345E+00 -0.89734164E-02  0.28799015E+01  0.12994888E+00 -0.60361618E+00  0.24489054E+01  0.13839999E+01  0.23796127E+02     1
  0.49135775E-01  0.57556098E+00 -0.44910345E+00 -0.89734164E-02  0.13209701E+01 -0.32423262E-01  0.20068447E+00 -0.86267158E-01  0.13023803E+01  0.37182289E+01    -1
  0.49135775E-01  0.57556098E+00 -0.44910345E+00 -0.89734164E-02  0.12395957E+01  0.57652996E+00  0.13538787E+00  0.55320585E+00  0.93800002E+00  0.37377836E+01     1
  0.49135775E-01  0.57556098E+00 -0.44910345E+00 -0.89734164E-02  0.37985701E+02 -0.95059630E+00 -0.11050449E+01  0.37957472E+02  0.13800000E+00  0.86515913E+02     0
  0.49135775E-01  0.57556098E+00 -0.44910345E+00 -0.89734164E-02  0.12859945E+02  0.16754918E+01  0.46877802E-02  0.12733071E+02  0.66316891E+00  0.48567636E+02     0
  0.49135775E-01  0.57556098E+00 -0.44910345E+00 -0.89734164E-02  0.38658801E+01 -0.88975747E+00 -0.44101396E+00  0.35550918E+01  0.11489953E+01  0.35694309E+02     0
  0.49135775E-01  0.57556098E+00 -0.44910345E+00 -0.89734164E-02  0.37788416E+01  0.46704461E-01 -0.32970221E-01  0.30592290E+01  0.22175422E+01  0.32046175E+02     0
  0.49135775E-01  0.57556098E+00 -0.44910345E+00 -0.89734164E-02  0.73694267E+00  0.10472285E-01  0.24857454E+00  0.67980993E+00  0.13800000E+00  0.29119611E+02     0
  0.49135775E-01  0.57556098E+00 -0.44910345E+00 -0.89734164E-02  0.17545727E+01  0.45124972E-02 -0.92021943E-01  0.15112696E+01  0.88662350E+00  0.28352734E+02     0
  0.49135775E-01  0.57556098E+00 -0.44910345E+00 -0.89734164E-02  0.14331623E+02 -0.36146755E+00 -0.35030248E+00  0.14269388E+02  0.12355627E+01  0.21591825E+02     0
  0.49135775E-01  0.57556098E+00 -0.44910345E+00 -0.89734164E-02  0.43586731E+01  0.37237822E-01 -0.75083571E+00  0.40413032E+01  0.14493993E+01  0.74237751E+01     0
  0.49135775E-01  0.57556098E+00 -0.44910345E+00 -0.89734164E-02  0.17173715E+01 -0.26753233E+00  0.12343365E+00 -0.15438526E+01  0.69215216E+00  0.41798457E+01     0
  0.49135775E-01 -0.42802754E+00 -0.11607647E+01 -0.89734164E-02  0.24712831E+02  0.37681774E+00 -0.90006595E-01 -0.24681089E+02  0.11906978E+01  0.80667550E+02     0
  0.49135775E-01 -0.42802754E+00 -0.11607647E+01 -0.89734164E-02  0.66481072E+01 -0.73961324E-01  0.67834957E+00 -0.64838861E+01  0.13003549E+01  0.56075377E+02     0
  0.49135775E-01 -0.42802754E+00 -0.11607647E+01 -0.89734164E-02  0.81477854E+00  0.30565702E-01  0.59789652E-01 -0.80019436E+00  0.13800000E+00  0.49511287E+02     0
  0.49135775E-01 -0.42802754E+00 -0.11607647E+01 -0.89734164E-02  0.45473150E+01 -0.30554934E+00 -0.14895613E+00 -0.44801382E+01  0.70063371E+00  0.48721919E+02     0
  0.49135775E-01 -0.42802754E+00 -0.11607647E+01 -0.89734164E-02  0.67092718E+01 -0.64383866E-01 -0.57058397E+00 -0.65420508E+01  0.13733856E+01  0.44298542E+02     0
  0.49135775E-01 -0.42802754E+00 -0.11607647E+01 -0.89734164E-02  0.66529734E+01  0.18264512E+00  0.98743344E+00 -0.64322641E+01  0.13710027E+01  0.37701079E+02     0
  0.49135775E-01 -0.42802754E+00 -0.11607647E+01 -0.89734164E-02  0.90101265E+00  0.25991436E-01 -0.37226667E-03 -0.71549921E+00  0.54699999E+00  0.31804095E+02     0
  0.49135775E-01 -0.42802754E+00 -0.11607647E+01 -0.89734164E-02  0.30018454E+02 -0.34729777E+00  0.99575411E+00 -0.29956586E+02  0.16119644E+01  0.30396981E+02     0
  0.53820127E-01  0.39795673E+00  0.21294092E+01  0.30300991E-01  0.41491615E+02 -0.46839250E+00 -0.39020281E+00  0.41468771E+02  0.12342823E+01  0.10080732E+03     1
  0.53820127E-01  0.28738253E+00  0.28006152E+01  0.30300991E-01  0.22205708E+01  0.12341604E+01 -0.10052588E+01 -0.12318253E+01  0.93800002E+00  0.67046481E+01    -1
  0.53820127E-01  0.28738253E+00  0.28006152E+01  0.30300991E-01  0.32573728E+01 -0.86823010E+00  0.35144778E+00 -0.28630821E+01  0.12393140E+01  0.52163586E+01     1
  0.53820127E-01  0.39795673E+00  0.21294092E+01  0.30300991E-01  0.39239464E+02 -0.86063118E+00 -0.10424730E+00  0.39229644E+02  0.13800000E+00  0.59265716E+02     0
  0.53820127E-01  0.39795673E+00  0.21294092E+01  0.30300991E-01  0.20024438E+02 -0.60002172E+00 -0.16851741E+00  0.20014261E+02  0.13800000E+00  0.19979396E+02     0
  0.53820127E-01  0.28738253E+00  0.28006152E+01  0.30300991E-01  0.24242983E+01 -0.12160080E+00 -0.23005440E+00 -0.22807665E+01  0.77949621E+00  0.91013780E+01     0
  0.53820127E-01  0.28738253E+00  0.28006152E+01  0.30300991E-01  0.79094990E+00 -0.23862882E+00 -0.12039620E+00 -0.73151814E+00  0.13800000E+00  0.67719871E+01     0
  0.53820127E-01  0.28738253E+00  0.28006152E+01  0.30300991E-01  0.33919267E+00  0.20710817E-01  0.14833251E+00 -0.27124933E+00  0.13800000E+00  0.60287118E+01     0
  0.53820127E-01  0.28738253E+00  0.28006152E+01  0.30300991E-01  0.15038348E+01 -0.54322364E+00  0.11488430E+01  0.44189205E+00  0.67180232E+00  0.66146347E+01     0
  0.53820127E-01  0.28738253E+00  0.28006152E+01  0.30300991E-01  0.20284520E+01  0.51377110E+00 -0.10826906E+00  0.15499944E+01  0.11985208E+01  0.38963221E+01     0
  0.56018453E-01  0.33412980E+00  0.41814961E+01 -0.50938238E-02  0.98850946E+01 -0.46615893E+00 -0.32472253E-01  0.97925620E+01  0.12658860E+01  0.63030861E+01     1
  0.56018453E-01  0.33412980E+00  0.41814961E+01 -0.50938238E-02  0.33615934E+02 -0.53621393E+00  0.46058362E+00 -0.33595366E+02  0.93957000E+00  0.28678418E+02     1
  0.56018453E-01  0.33412980E+00  0.41814961E+01 -0.50938238E-02  0.10645851E+01  0.31991088E+00 -0.25593519E+00  0.60999686E+00  0.77032421E+00  0.11616153E+01     0
  0.56018453E-01  0.33412980E+00  0.41814961E+01 -0.50938238E-02  0.40808452E+01 -0.52145318E-01 -0.15529425E+01  0.37708710E+01  0.13957000E+00  0.23446978E+02     0
  0.56018453E-01  0.33412980E+00  0.41814961E+01 -0.50938238E-02  0.15037848E+01  0.66906178E+00 -0.50514625E+00  0.97111912E+00  0.78452524E+00  0.15894654E+01     0
  0.56018453E-01  0.33412980E+00  0.41814961E+01 -0.50938238E-02  0.31392992E+01  0.61111457E-01  0.49919998E+00  0.30591868E+01  0.49360000E+00  0.51440237E+01     0
  0.56018453E-01  0.33412980E+00  0.41814961E+01 -0.50938238E-02  0.12136756E+01 -0.19009555E+00 -0.47793152E+00  0.72897587E+00  0.82282906E+00  0.12360211E+01     0
  0.56018453E-01  0.33412980E+00  0.41814961E+01 -0.50938238E-02  0.47608348E+01  0.49072473E+00 -0.12294105E+00  0.47318223E+01  0.13957000E+00  0.27344603E+02     0
  0.56018453E-01  0.33412980E+00  0.41814961E+01 -0.50938238E-02  0.52186470E+01 -0.15388007E+00 -0.65982637E-01  0.52140928E+01  0.13957000E+00  0.29968733E+02     0
  0.56018453E-01  0.33412980E+00  0.41814961E+01 -0.50938238E-02  0.28448882E+01  0.16672796E+00  0.27363513E+00  0.27141456E+01  0.79001751E+00  0.29368540E+01     0
  0.56018453E-01  0.33412980E+00  0.41814961E+01 -0.50938238E-02  0.16669457E+02 -0.98676362E+00  0.79504183E+00  0.16593609E+02  0.95767923E+00  0.13980896E+02     0
  0.56018453E-01  0.33412980E+00  0.41814961E+01 -0.50938238E-02  0.27453435E+02 -0.13863838E+01  0.10100894E+01  0.27386494E+02  0.85365282E+00  0.25783981E+02     0
  0.56018453E-01  0.33412980E+00  0.41814961E+01 -0.50938238E-02  0.11443628E+02  0.24305278E+01 -0.12894052E+01  0.11081134E+02  0.77140037E+00  0.11923918E+02     0
  0.56018453E-01  0.33412980E+00  0.41814961E+01 -0.50938238E-02  0.34740220E+01  0.11832057E+01 -0.36616373E+00  0.31570709E+01  0.75344604E+00  0.37446935E+01     0
  0.56018453E-01  0.33412980E+00  0.41814961E+01 -0.50938238E-02  0.12801834E+01  0.28885195E+00 -0.31265414E+00  0.92234321E+00  0.77907919E+00  0.13705789E+01     0
  0.56018453E-01  0.33412980E+00  0.41814961E+01 -0.50938238E-02  0.28151598E+00 -0.14965442E+00 -0.70058263E-01  0.18018562E+00  0.13957000E+00  0.16696373E+01     0
  0.56018453E-01  0.33412980E+00  0.41814961E+01 -0.50938238E-02  0.69663593E+00  0.62602804E-01  0.21096745E+00  0.64703604E+00  0.13498000E+00  0.41848431E+01     0
  0.56018453E-01  0.33412980E+00  0.41814961E+01 -0.50938238E-02  0.12710828E+01  0.11181548E+01 -0.17495285E+00  0.56150968E+00  0.13957000E+00  0.73417264E+01     0
  0.56018453E-01  0.33412980E+00  0.41814961E+01 -0.50938238E-02  0.91523027E+00 -0.32799674E+00  0.16263972E+00 -0.67821231E+00  0.49360000E+00  0.15393738E+01     0
  0.56018453E-01  0.33412980E+00  0.41814961E+01 -0.50938238E-02  0.10150195E+01 -0.40947319E+00 -0.17127315E+00 -0.76523610E+00  0.49767000E+00  0.16876530E+01     0
  0.56018453E-01  0.33412980E+00  0.41814961E+01 -0.50938238E-02  0.11438933E+01  0.71871050E+00  0.23313492E+00 -0.84816007E+00  0.13498000E+00  0.68356496E+01     0
  0.56018453E-01  0.33412980E+00  0.41814961E+01 -0.50938238E-02  0.72350782E+00  0.17257881E+00  0.17136509E+00  0.66695903E+00  0.13957000E+00  0.42030863E+01     0
  0.56018453E-01  0.33412980E+00  0.41814961E+01 -0.50938238E-02  0.36905375E+01  0.45989379E+00 -0.74112912E+00 -0.35832684E+01  0.13957000E+00  0.21209776E+02     0
  0.56018453E-01  0.33412980E+00  0.41814961E+01 -0.50938238E-02  0.12565018E+01 -0.71662430E+00  0.25770868E+00  0.45376177E+00  0.89046777E+00  0.11848650E+01     0
  0.56018453E-01  0.33412980E+00  0.41814961E+01 -0.50938238E-02  0.15719714E+01 -0.50205757E+00 -0.54053415E+00  0.11451309E+01  0.78455736E+00  0.16589313E+01     0
  0.56018453E-01  0.33412980E+00  0.41814961E+01 -0.50938238E-02  0.86690339E+00 -0.24999718E-01  0.49113655E+00 -0.51579107E+00  0.49360000E+00  0.14610483E+01     0
  0.56018453E-01  0.33412980E+00  0.41814961E+01 -0.50938238E-02  0.14671550E+01 -0.67885837E+00  0.45474543E+00 -0.67222271E+00  0.10163751E+01  0.12108323E+01     0
  0.56018453E-01  0.33412980E+00  0.41814961E+01 -0.50938238E-02  0.26159958E+01 -0.38231381E+00  0.69611421E-01 -0.25386510E+01  0.49767000E+00  0.42612080E+01     0
  0.56018453E-01  0.33412980E+00  0.41814961E+01 -0.50938238E-02  0.49868372E+00  0.33053283E+00  0.34473136E+00 -0.48725655E-01  0.13498000E+00  0.30116191E+01     0
  0.56018453E-01  0.33412980E+00  0.41814961E+01 -0.50938238E-02  0.12820783E+02 -0.11975763E+01 -0.48638845E+00 -0.12754695E+02  0.13957000E+00  0.73543350E+02     0
  0.56018453E-01  0.33412980E+00  0.41814961E+01 -0.50938238E-02  0.16297145E+02  0.69018012E+00  0.10483498E+01 -0.16227980E+02  0.82109869E+00  0.15934397E+02     0
  0.56018453E-01  0.33412980E+00  0.41814961E+01 -0.50938238E-02  0.55488701E+01  0.16060531E+00 -0.20711785E+00 -0.55410331E+01  0.13498000E+00  0.32943084E+02     0
  0.56018453E-01  0.33412980E+00  0.41814961E+01 -0.50938238E-02  0.22146139E+02 -0.10585026E+01  0.70688512E+00 -0.22086741E+02  0.10036151E+01  0.17709112E+02     0
  0.56678950E-01  0.65872480E+00 -0.14117892E+01 -0.27584522E-01  0.33212896E+01  0.20847752E+00 -0.36808400E+00 -0.30994450E+01  0.11160001E+01  0.43266471E+02     1
  0.56678950E-01  0.65872480E+00 -0.14117892E+01 -0.27584522E-01  0.19755311E+02 -0.15779503E+01  0.11937410E+01 -0.19633581E+02  0.93800002E+00  0.23189127E+02    -1
  0.56678950E-01  0.65872480E+00 -0.14117892E+01 -0.27584522E-01  0.19843108E+00 -0.46983447E-01 -0.11989171E+00 -0.61232578E-01  0.13800000E+00  0.31153266E+02     0
  0.56678950E-01  0.14779883E+00 -0.11817493E+01 -0.20317859E-01  0.53387269E+02 -0.35951415E+00 -0.95354200E-01  0.53369592E+02  0.13224099E+01  0.91463557E+02     0
  0.56678950E-01  0.14779883E+00 -0.11817493E+01 -0.20317859E-01  0.27544445E+02  0.53079469E+00  0.29279309E+00  0.27532341E+02  0.54699999E+00  0.37942343E+02     0
  0.56678950E-01  0.14779883E+00 -0.11817493E+01 -0.20317859E-01  0.10305299E+02  0.12959408E+00 -0.85265404E-01  0.10303207E+02  0.13800000E+00  0.10540147E+02     0
  0.57075226E-01 -0.95404240E+00 -0.53437801E+01 -0.23725016E-01  0.11078907E+03  0.97282358E+00 -0.97049542E+00 -0.11077658E+03  0.93800002E+00  0.57075226E-01     1
  0.58125720E-01  0.66053362E+00 -0.14130547E+01 -0.27813552E-01  0.70326170E+00 -0.68946402E-01 -0.24247324E+00 -0.64186146E+00  0.13800000E+00  0.43266471E+02     0
  0.58125720E-01  0.66053362E+00 -0.14130547E+01 -0.27813552E-01  0.23030127E+01  0.50633403E+00 -0.22411158E+00 -0.20934413E+01  0.78407307E+00  0.43266471E+02     0
  0.58125720E-01  0.66053362E+00 -0.14130547E+01 -0.27813552E-01  0.14638167E+00 -0.43540358E-01 -0.21654402E-01  0.43496287E-02  0.13800000E+00  0.43266471E+02     0
  0.58125720E-01  0.66053362E+00 -0.14130547E+01 -0.27813552E-01  0.28598927E+01  0.48092799E+00 -0.44493042E+00 -0.27396524E+01  0.49399999E+00  0.43266471E+02     0
  0.58164877E-01  0.33044911E+00 -0.13759437E+01 -0.24688212E-01  0.32825848E+02  0.90017982E-01  0.28051415E-01  0.32803152E+02  0.12168299E+01  0.92523738E+02     1
  0.58164877E-01  0.33044911E+00 -0.13759437E+01 -0.24688212E-01  0.69493625E+01 -0.32345674E+00 -0.15083327E-01  0.69404426E+01  0.13800000E+00  0.43842857E+02     0
  0.58164877E-01  0.33044911E+00 -0.13759437E+01 -0.24688212E-01  0.36876038E+02 -0.26331239E+00 -0.59799564E-01  0.36854921E+02  0.12182391E+01  0.92523738E+02     0
  0.59705610E-01 -0.52611500E+00 -0.94176648E+00 -0.15386689E-01  0.30812951E+02 -0.21302312E+00  0.74060033E+00  0.30776462E+02  0.12858560E+01  0.80278326E+02     0
  0.59705610E-01 -0.52611500E+00 -0.94176648E+00 -0.15386689E-01  0.10430095E+02 -0.39297994E+00  0.39292087E+00  0.10336549E+02  0.12782058E+01  0.49012024E+02     0
  0.59705610E-01 -0.52611500E+00 -0.94176648E+00 -0.15386689E-01  0.49524448E+01  0.14333000E+00  0.15705461E+00  0.49459535E+01  0.13800000E+00  0.39417044E+02     0
  0.59705610E-01 -0.52611500E+00 -0.94176648E+00 -0.15386689E-01  0.18210163E+02 -0.13421160E+00  0.50586159E+00  0.18202118E+02  0.13800000E+00  0.34515709E+02     0
  0.59705610E-01 -0.52611500E+00 -0.94176648E+00 -0.15386689E-01  0.15802936E+02  0.34128322E+00 -0.23524022E+00  0.15796896E+02  0.13800000E+00  0.16328198E+02     0
  0.63615555E-01 -0.42776864E+00 -0.11602746E+01 -0.23421607E-01  0.20557043E+02  0.12003643E+01  0.48252436E+00 -0.20494840E+02  0.93800002E+00  0.10168252E+03     1
  0.63615555E-01  0.14793985E+00 -0.11816073E+01 -0.13451276E-01  0.48699175E+01 -0.13030035E+00  0.62819799E+00  0.47354664E+01  0.93800002E+00  0.98792488E+02     1
  0.63615555E-01  0.14793985E+00 -0.11816073E+01 -0.13451276E-01  0.73825142E+00 -0.52098073E-01 -0.40093395E+00  0.60208713E+00  0.13800000E+00  0.42537088E+01     0
  0.63615555E-01  0.14793985E+00 -0.11816073E+01 -0.13451276E-01  0.14334796E+01  0.49277760E+00 -0.14531055E+00  0.13311179E+01  0.13800000E+00  0.35074978E+01     0
  0.63615555E-01  0.14793985E+00 -0.11816073E+01 -0.13451276E-01  0.21362861E+01 -0.19400401E+00 -0.19172212E+00  0.16296341E+01  0.13541109E+01  0.98792488E+02     0
  0.64745481E-01 -0.51444903E+00  0.13297238E+01  0.91087121E-02  0.17302139E+01  0.24846992E+00  0.85997211E-01 -0.14288861E+01  0.93957000E+00  0.15379418E+01     1
  0.64745481E-01 -0.51444903E+00  0.13297238E+01  0.91087121E-02  0.10885314E+01  0.12936638E+00 -0.48030781E+00 -0.23899511E+00  0.93827000E+00  0.99286327E+00    -1
  0.64745481E-01 -0.51444903E+00  0.13297238E+01  0.91087121E-02  0.16850090E+02 -0.14475547E+00  0.43681790E+00 -0.16796883E+02  0.12563750E+01  0.10794083E+02     1
  0.64745481E-01 -0.51444903E+00  0.13297238E+01  0.91087121E-02  0.38073297E+02 -0.46119600E+00 -0.59263449E+00  0.38042479E+02  0.13348317E+01  0.22883080E+02     1
  0.64745481E-01 -0.51444903E+00  0.13297238E+01  0.91087121E-02  0.17394643E+01 -0.21218460E+00  0.17739000E+00  0.17116561E+01  0.13957000E+00  0.10035165E+02     0
  0.64745481E-01 -0.51444903E+00  0.13297238E+01  0.91087121E-02  0.30814675E+01  0.19353969E+00  0.70747699E+00  0.29519179E+01  0.49360000E+00  0.50590201E+01     0
  0.64745481E-01 -0.51444903E+00  0.13297238E+01  0.91087121E-02  0.30467547E+01  0.15149900E+01 -0.17781198E+01  0.17050256E+01  0.95848714E+00  0.26077152E+01     0
  0.64745481E-01 -0.51444903E+00  0.13297238E+01  0.91087121E-02  0.10351609E+01  0.53268025E+00  0.10528966E+00 -0.63411436E-01  0.87903519E+00  0.10068337E+01     0
  0.64745481E-01 -0.51444903E+00  0.13297238E+01  0.91087121E-02  0.74764857E+00  0.64226577E+00 -0.72475186E-01  0.34891350E+00  0.13957000E+00  0.43501855E+01     0
  0.64745481E-01 -0.51444903E+00  0.13297238E+01  0.91087121E-02  0.21058779E+01 -0.13239027E+00 -0.85963328E+00 -0.17253629E+01  0.83746521E+00  0.20764139E+01     0
  0.64745481E-01 -0.51444903E+00  0.13297238E+01  0.91087121E-02  0.95180564E+01  0.24415539E+00  0.10119579E+01 -0.94277775E+01  0.79166837E+00  0.96829712E+01     0
  0.64745481E-01 -0.51444903E+00  0.13297238E+01  0.91087121E-02  0.46583550E+02 -0.10889585E+01  0.66111276E+00 -0.46559684E+02  0.77462803E+00  0.48174081E+02     0
  0.64745481E-01 -0.51444903E+00  0.13297238E+01  0.91087121E-02  0.33640202E+01  0.26726447E-01  0.13725311E-02 -0.33610171E+01  0.13957000E+00  0.19346942E+02     0
  0.64745481E-01 -0.51444903E+00  0.13297238E+01  0.91087121E-02  0.15614750E+02 -0.13682297E+00 -0.93193832E-01  0.15599808E+02  0.66257402E+00  0.18918186E+02     0
  0.64745481E-01 -0.51444903E+00  0.13297238E+01  0.91087121E-02  0.18648405E+02 -0.25325498E+00 -0.57019916E+00  0.18631428E+02  0.49360000E+00  0.30289065E+02     0
  0.64745481E-01 -0.51444903E+00  0.13297238E+01  0.91087121E-02  0.62657380E+01 -0.74013353E-01 -0.36187243E-02  0.62413364E+01  0.54745000E+00  0.92209979E+01     0
  0.64745481E-01 -0.51444903E+00  0.13297238E+01  0.91087121E-02  0.17795558E+01  0.18929893E+00  0.12279496E+00  0.15287597E+01  0.88249651E+00  0.16779469E+01     0
  0.64745481E-01 -0.51444903E+00  0.13297238E+01  0.91087121E-02  0.17152888E+01  0.47993839E+00  0.96927612E-02  0.15710315E+01  0.49360000E+00  0.28447921E+01     0
  0.64745481E-01 -0.51444903E+00  0.13297238E+01  0.91087121E-02  0.10486269E+01 -0.21468372E+00 -0.30947867E+00  0.81120328E+00  0.54745000E+00  0.15971257E+01     0
  0.64745481E-01 -0.51444903E+00  0.13297238E+01  0.91087121E-02  0.10662656E+01 -0.14307220E+00  0.12985211E+00  0.92517569E+00  0.49360000E+00  0.17928906E+01     0
  0.64745481E-01 -0.51444903E+00  0.13297238E+01  0.91087121E-02  0.40923607E+01 -0.37698750E+00  0.31076727E+00 -0.40606946E+01  0.13957000E+00  0.23521710E+02     0
  0.64745481E-01 -0.51444903E+00  0.13297238E+01  0.91087121E-02  0.54597069E+00 -0.34386252E+00  0.23575364E+00 -0.32370202E+00  0.13957000E+00  0.31941898E+01     0
  0.64745481E-01 -0.51444903E+00  0.13297238E+01  0.91087121E-02  0.73520395E+01  0.28887474E+00  0.65926402E+00 -0.72610348E+01  0.90098915E+00  0.65927172E+01     0
  0.64745481E-01 -0.51444903E+00  0.13297238E+01  0.91087121E-02  0.89160874E+01 -0.12929014E+01  0.69782110E+00 -0.87500663E+01  0.88000296E+00  0.81702522E+01     0
  0.64745481E-01 -0.51444903E+00  0.13297238E+01  0.91087121E-02  0.11831261E+01  0.32752503E+00 -0.29386557E+00 -0.10893475E+01  0.13957000E+00  0.68462951E+01     0
  0.64837794E-01  0.15168513E+00  0.80163644E+00 -0.13797150E-01  0.18642474E+02 -0.11675013E+01  0.17105284E+01 -0.18503325E+02  0.93800002E+00  0.15903364E+02     1
  0.64837794E-01  0.65115969E+00  0.35419495E+00 -0.36902935E-01  0.71095211E+01  0.48691778E-01 -0.99745902E-02  0.71080079E+01  0.13800000E+00  0.68429998E+02     0
  0.64837794E-01  0.65115969E+00  0.35419495E+00 -0.36902935E-01  0.61245937E+02 -0.15220579E+00 -0.32123896E+00  0.61231674E+02  0.12730199E+01  0.61374045E+02     0
  0.66950193E-01  0.17635392E+01  0.13030309E+01  0.72016908E-02  0.17628505E+02 -0.30875813E+00 -0.63439082E+00  0.17564999E+02  0.13180359E+01  0.10766814E+02     1
  0.66950193E-01  0.17635392E+01  0.13030309E+01  0.72016908E-02  0.27133220E+02 -0.25927126E+00  0.58202171E+00  0.27098826E+02  0.12080203E+01  0.18035669E+02    -1
  0.66950193E-01  0.17635392E+01  0.13030309E+01  0.72016908E-02  0.43332445E+02  0.13654037E+01 -0.47093909E+00  0.43289525E+02  0.12773939E+01  0.27204981E+02     1
  0.66950193E-01  0.17635392E+01  0.13030309E+01  0.72016908E-02  0.11779466E+01  0.74660142E+00 -0.25916116E+00  0.37622113E-01  0.87267671E+00  0.11467972E+01     0
  0.66950193E-01  0.17635392E+01  0.13030309E+01  0.72016908E-02  0.14780779E+01 -0.15460365E+00 -0.88815925E-02  0.12455003E+01  0.78068047E+00  0.15816061E+01     0
  0.66950193E-01  0.17635392E+01  0.13030309E+01  0.72016908E-02  0.19810340E+01  0.14077961E+01 -0.93773630E+00  0.10216540E+01  0.13957000E+00  0.11422021E+02     0
  0.66950193E-01  0.17635392E+01  0.13030309E+01  0.72016908E-02  0.13448967E+01 -0.10156399E-01  0.50027693E+00 -0.97346360E+00  0.78149580E+00  0.14436913E+01     0
  0.66950193E-01  0.17635392E+01  0.13030309E+01  0.72016908E-02  0.97996032E+00  0.57690187E+00 -0.18567125E+00 -0.12936471E+00  0.75914255E+00  0.10996525E+01     0
  0.66950193E-01  0.17635392E+01  0.13030309E+01  0.72016908E-02  0.75907839E+00  0.15617139E+00 -0.22320209E+00 -0.69463051E+00  0.13957000E+00  0.44179047E+01     0
  0.66950193E-01  0.17635392E+01  0.13030309E+01  0.72016908E-02  0.74337961E+00 -0.14309101E+00 -0.49430837E+00 -0.51799388E+00  0.13957000E+00  0.43279209E+01     0
  0.66950193E-01  0.17635392E+01  0.13030309E+01  0.72016908E-02  0.96555242E+01 -0.38298286E+00  0.64405037E+00 -0.96254585E+01  0.13498000E+00  0.57293350E+02     0
  0.66950193E-01  0.17635392E+01  0.13030309E+01  0.72016908E-02  0.54571923E+01  0.32038187E+00 -0.52237766E+00 -0.53605439E+01  0.81853145E+00  0.54005924E+01     0
  0.66950193E-01  0.17635392E+01  0.13030309E+01  0.72016908E-02  0.55062419E+00 -0.20836828E-02 -0.45829027E-01 -0.53066239E+00  0.13957000E+00  0.32230679E+01     0
  0.66950193E-01  0.17635392E+01  0.13030309E+01  0.72016908E-02  0.66377542E+01 -0.10974194E+00  0.21848968E+00 -0.66148589E+01  0.49360000E+00  0.10825061E+02     0
  0.66950193E-01  0.17635392E+01  0.13030309E+01  0.72016908E-02  0.61015738E+01  0.36846941E-01  0.97189261E-01 -0.60803556E+01  0.49767000E+00  0.98751746E+01     0
  0.66950193E-01  0.17635392E+01  0.13030309E+01  0.72016908E-02  0.81286528E+01 -0.32148325E+00  0.32546290E+00 -0.81145695E+01  0.13957000E+00  0.46659500E+02     0
  0.66950193E-01  0.17635392E+01  0.13030309E+01  0.72016908E-02  0.12724970E+01  0.21899484E+00 -0.18801862E+00 -0.12314459E+01  0.13957000E+00  0.73607641E+01     0
  0.66950193E-01  0.17635392E+01  0.13030309E+01  0.72016908E-02  0.10216038E+02  0.79591013E-01 -0.11714862E+00 -0.10202926E+02  0.49767000E+00  0.16489138E+02     0
  0.66950193E-01  0.17635392E+01  0.13030309E+01  0.72016908E-02  0.86337666E+00 -0.27658881E+00  0.27757852E+00 -0.75656346E+00  0.13957000E+00  0.50157309E+01     0
  0.66950193E-01  0.17635392E+01  0.13030309E+01  0.72016908E-02  0.12206069E+01 -0.39664832E+00  0.66648294E+00 -0.78507865E+00  0.52153943E+00  0.19392641E+01     0
  0.66950193E-01  0.17635392E+01  0.13030309E+01  0.72016908E-02  0.21047038E+01 -0.17303344E+01  0.39218580E+00 -0.11235798E+01  0.13957000E+00  0.12130883E+02     0
  0.66950193E-01  0.17635392E+01  0.13030309E+01  0.72016908E-02  0.12949541E+01 -0.57683077E+00  0.69038976E+00 -0.23816206E+00  0.90045167E+00  0.12174431E+01     0
  0.66950193E-01  0.17635392E+01  0.13030309E+01  0.72016908E-02  0.51940660E+01  0.24469539E+00  0.76751617E-02  0.51009973E+01  0.94774090E+00  0.44513265E+01     0
  0.66950193E-01  0.17635392E+01  0.13030309E+01  0.72016908E-02  0.17963301E+02 -0.77956765E-01 -0.10204773E+00  0.17962335E+02  0.13498000E+00  0.10653191E+03     0
  0.67762769E-01 -0.54048956E+00 -0.38785723E+01 -0.85112498E-02  0.20921365E+01 -0.34548504E+00  0.50322829E+00 -0.17668177E+01  0.93957000E+00  0.18491194E+01     1
  0.67762769E-01 -0.54048956E+00 -0.38785723E+01 -0.85112498E-02  0.32286617E+01  0.37257697E+00  0.14988971E+01 -0.26065319E+01  0.11156800E+01  0.23828794E+01    -1
  0.67762769E-01 -0.54048956E+00 -0.38785723E+01 -0.85112498E-02  0.19723927E+02  0.23673893E+00  0.51460336E+00 -0.19693452E+02  0.93827000E+00  0.16885034E+02     1
  0.67762769E-01 -0.54048956E+00 -0.38785723E+01 -0.85112498E-02  0.22523375E+02  0.57981553E+00 -0.99378174E+00 -0.22466284E+02  0.11156800E+01  0.16218182E+02    -1
  0.67762769E-01 -0.54048956E+00 -0.38785723E+01 -0.85112498E-02  0.51437596E+02  0.89179912E+00  0.12967214E-01 -0.51417761E+02  0.11156800E+01  0.36951168E+02     1
  0.67762769E-01 -0.54048956E+00 -0.38785723E+01 -0.85112498E-02  0.91770563E+01 -0.12828512E+00  0.44103927E+00  0.91645605E+01  0.13498000E+00  0.54458376E+02     0
  0.67762769E-01 -0.54048956E+00 -0.38785723E+01 -0.85112498E-02  0.47304972E+01 -0.61700728E+00 -0.76530255E+00  0.46008235E+01  0.49360000E+00  0.77346950E+01     0
  0.67762769E-01 -0.54048956E+00 -0.38785723E+01 -0.85112498E-02  0.60472263E+01 -0.17188927E+00 -0.35353108E-01  0.59740196E+01  0.92154273E+00  0.53174174E+01     0
  0.67762769E-01 -0.54048956E+00 -0.38785723E+01 -0.85112498E-02  0.34806005E+01  0.38027382E+00 -0.25237050E+00  0.33594590E+01  0.78760166E+00  0.36031545E+01     0
  0.67762769E-01 -0.54048956E+00 -0.38785723E+01 -0.85112498E-02  0.18558632E+01 -0.12511354E+00  0.54982164E-01  0.16915721E+01  0.75108962E+00  0.20444784E+01     0
  0.67762769E-01 -0.54048956E+00 -0.38785723E+01 -0.85112498E-02  0.15205206E+01 -0.59847836E+00 -0.12942565E+00  0.13847656E+01  0.13957000E+00  0.87832208E+01     0
  0.67762769E-01 -0.54048956E+00 -0.38785723E+01 -0.85112498E-02  0.12150422E+01 -0.66669905E+00 -0.10527085E+00  0.52496743E+00  0.86323065E+00  0.11938045E+01     0
  0.67762769E-01 -0.54048956E+00 -0.38785723E+01 -0.85112498E-02  0.33820820E+01 -0.83287500E-01 -0.23269124E+01  0.22495671E+01  0.97799207E+00  0.28343144E+01     0
  0.67762769E-01 -0.54048956E+00 -0.38785723E+01 -0.85112498E-02  0.10400212E+01 -0.79249104E+00 -0.72435957E-01  0.65584709E+00  0.13498000E+00  0.62317643E+01     0
  0.67762769E-01 -0.54048956E+00 -0.38785723E+01 -0.85112498E-02  0.16093410E+01  0.11264004E+01 -0.88429264E+00 -0.72093507E+00  0.13957000E+00  0.92923296E+01     0
  0.67762769E-01 -0.54048956E+00 -0.38785723E+01 -0.85112498E-02  0.23043282E+01  0.26993566E+00 -0.90720369E+00  0.20963218E+01  0.13957000E+00  0.13275921E+02     0
  0.67762769E-01 -0.54048956E+00 -0.38785723E+01 -0.85112498E-02  0.11951874E+01  0.65090586E-01 -0.37689943E-01  0.89689964E+00  0.78637569E+00  0.12836574E+01     0
  0.67762769E-01 -0.54048956E+00 -0.38785723E+01 -0.85112498E-02  0.41561938E+01 -0.36088220E+00  0.11723915E+00  0.40985750E+01  0.57588943E+00  0.58413625E+01     0
  0.67762769E-01 -0.54048956E+00 -0.38785723E+01 -0.85112498E-02  0.45406317E+01 -0.13537659E+00 -0.19610512E+00  0.45069809E+01  0.49767000E+00  0.73667870E+01     0
  0.67762769E-01 -0.54048956E+00 -0.38785723E+01 -0.85112498E-02  0.39854259E+01 -0.31020424E+00  0.41346372E+00  0.38499477E+01  0.89125924E+00  0.36451066E+01     0
  0.67762769E-01 -0.54048956E+00 -0.38785723E+01 -0.85112498E-02  0.21987094E+01  0.13652567E+01  0.54327205E+00  0.16296542E+01  0.13957000E+00  0.12670525E+02     0
  0.67762769E-01 -0.54048956E+00 -0.38785723E+01 -0.85112498E-02  0.19027436E+00 -0.76349163E-01 -0.96808396E-01 -0.39031863E-01  0.13957000E+00  0.11583946E+01     0
  0.67762769E-01 -0.54048956E+00 -0.38785723E+01 -0.85112498E-02  0.76611548E+00 -0.10676440E+00  0.22028406E+00 -0.39173410E+00  0.61119033E+00  0.10705476E+01     0
  0.67762769E-01 -0.54048956E+00 -0.38785723E+01 -0.85112498E-02  0.89364485E+00  0.13322715E+00  0.58498838E+00  0.64839852E+00  0.13498000E+00  0.53642206E+01     0
  0.67762769E-01 -0.54048956E+00 -0.38785723E+01 -0.85112498E-02  0.22700450E+01 -0.31879591E+00  0.16670726E+01 -0.15009540E+01  0.13957000E+00  0.13079413E+02     0
  0.67762769E-01 -0.54048956E+00 -0.38785723E+01 -0.85112498E-02  0.94814805E+00  0.65374340E+00  0.48645401E+00 -0.46420577E+00  0.13957000E+00  0.55024438E+01     0
  0.67762769E-01 -0.54048956E+00 -0.38785723E+01 -0.85112498E-02  0.38169943E+00  0.35562199E-01 -0.22740862E+00 -0.27293864E+00  0.13498000E+00  0.23300204E+01     0
  0.67762769E-01 -0.54048956E+00 -0.38785723E+01 -0.85112498E-02  0.50867352E+00  0.67159313E-01  0.33260904E+00 -0.35232061E+00  0.13957000E+00  0.29834238E+01     0
  0.67762769E-01 -0.54048956E+00 -0.38785723E+01 -0.85112498E-02  0.12677846E+01  0.99021218E-01  0.11589896E+00 -0.11577560E+01  0.49360000E+00  0.21225190E+01     0
  0.67762769E-01 -0.54048956E+00 -0.38785723E+01 -0.85112498E-02  0.14392116E+01 -0.54649825E-01  0.42629900E+00 -0.11634123E+01  0.73012628E+00  0.16447082E+01     0
  0.67762769E-01 -0.54048956E+00 -0.38785723E+01 -0.85112498E-02  0.11738487E+01 -0.46774825E+00  0.18491584E+00 -0.90842559E+00  0.54745000E+00  0.17831322E+01     0
  0.67762769E-01 -0.54048956E+00 -0.38785723E+01 -0.85112498E-02  0.55916601E+00  0.48958186E+00 -0.17340592E+00  0.15712103E+00  0.13498000E+00  0.33818301E+01     0
  0.69669262E-01  0.10861668E+01  0.33589274E+01  0.24051103E-01  0.10489266E+03 -0.18007263E+01  0.13885613E+01  0.10486382E+03  0.93800002E+00  0.69669262E-01     1
  0.69669262E-01  0.28768722E+00  0.28007242E+01  0.14455872E-01  0.78613483E+01  0.51344873E+00 -0.26633279E+00 -0.78388258E+01  0.13800000E+00  0.67212866E+02     0
  0.69669262E-01  0.28768722E+00  0.28007242E+01  0.14455872E-01  0.59265202E+02  0.23649547E+01 -0.14255427E+00 -0.59202097E+02  0.13647405E+01  0.10798251E+03     0
  0.70078406E-01  0.21366978E+01  0.11513121E+01  0.32344593E-02  0.64625055E+02 -0.22684067E+00  0.12421941E+01  0.64605908E+02  0.93800002E+00  0.95684909E+02     1
  0.70078406E-01  0.17635115E+01  0.13029973E+01  0.40750855E-02  0.32135081E+00 -0.10475178E+00  0.86972239E-01 -0.25629132E+00  0.13800000E+00  0.39744891E+02     0
  0.70078406E-01  0.17635115E+01  0.13029973E+01  0.40750855E-02  0.37035044E+02 -0.21586176E+00 -0.22719446E+01 -0.36938350E+02  0.13944377E+01  0.37200011E+02     0
  0.70078406E-01  0.21366978E+01  0.11513121E+01  0.32344593E-02  0.15673836E+02  0.47304090E-01  0.27117200E+00  0.15608483E+02  0.14030684E+01  0.31038340E+02     0
  0.70078406E-01  0.21366978E+01  0.11513121E+01  0.32344593E-02  0.11823183E+02 -0.52857257E+00  0.18377950E+00  0.11809126E+02  0.13800000E+00  0.15417617E+02     0
  0.70078406E-01  0.21366978E+01  0.11513121E+01  0.32344593E-02  0.35530359E+01  0.25156951E+00  0.22380940E+00  0.35343517E+01  0.13800000E+00  0.37557518E+01     0
  0.72552227E-01 -0.54047923E+00 -0.38784935E+01 -0.37239791E-02  0.21467587E+02  0.10803685E+01  0.10670567E+00  0.21419591E+02  0.93800002E+00  0.31739056E+02     1
  0.72552227E-01 -0.28886867E+00 -0.44428123E+01  0.64677865E-03  0.51342520E+01  0.55917168E+00  0.25367222E-02 -0.49634984E+01  0.11880860E+01  0.99537576E+02     1
  0.72552227E-01 -0.28886867E+00 -0.44428123E+01  0.64677865E-03  0.16837676E+02 -0.14050219E+01 -0.14749271E-01 -0.16735562E+02  0.12058193E+01  0.96960527E+02    -1
  0.72552227E-01 -0.28886867E+00 -0.44428123E+01  0.64677865E-03  0.61024380E+01  0.30724414E+00  0.10625784E+00 -0.59587006E+01  0.12759104E+01  0.79261138E+02     1
  0.72552227E-01 -0.28886867E+00 -0.44428123E+01  0.64677865E-03  0.59148179E+01 -0.94974804E-01  0.12454610E+00 -0.57419381E+01  0.14109168E+01  0.73229264E+02     0
  0.72552227E-01 -0.28886867E+00 -0.44428123E+01  0.64677865E-03  0.31999622E+02 -0.48430773E+00  0.66793188E+00 -0.31974384E+02  0.96637507E+00  0.69248803E+02     0
  0.72552227E-01 -0.28886867E+00 -0.44428123E+01  0.64677865E-03  0.47869362E+01 -0.11816814E+00 -0.40913212E+00 -0.46858950E+01  0.88079128E+00  0.36735581E+02     0
  0.72552227E-01 -0.28886867E+00 -0.44428123E+01  0.64677865E-03  0.63228640E+01  0.54939972E+00 -0.64042818E-01 -0.60442698E+01  0.17718551E+01  0.31871109E+02     0
  0.72552227E-01 -0.28886867E+00 -0.44428123E+01  0.64677865E-03  0.14606325E+01 -0.67404605E+00  0.25263759E+00 -0.12634237E+01  0.13800000E+00  0.24326148E+02     0
  0.72552227E-01 -0.28886867E+00 -0.44428123E+01  0.64677865E-03  0.82364065E+00 -0.16463340E+00 -0.25270967E+00 -0.75390556E+00  0.13800000E+00  0.24058324E+02     0
  0.72552227E-01 -0.28886867E+00 -0.44428123E+01  0.64677865E-03  0.10542686E+02  0.94093554E-01 -0.24944614E+00 -0.10388807E+02  0.17747790E+01  0.24996451E+02     0
  0.72552227E-01 -0.28886867E+00 -0.44428123E+01  0.64677865E-03  0.41802781E+01 -0.22376032E+00 -0.28068380E+00 -0.39076131E+01  0.14409832E+01  0.14402524E+02     0
  0.72552227E-01 -0.28886867E+00 -0.44428123E+01  0.64677865E-03  0.20509884E+01 -0.25311427E+00  0.75491898E+00 -0.16293395E+01  0.95803807E+00  0.99896613E+01     0
  0.72552227E-01 -0.28886867E+00 -0.44428123E+01  0.64677865E-03  0.43922693E+01 -0.33884031E+00  0.66739355E-01 -0.37613341E+01  0.22416798E+01  0.95707766E+01     0
  0.72552227E-01 -0.28886867E+00 -0.44428123E+01  0.64677865E-03  0.17848300E+01  0.48825501E-01 -0.69411824E+00 -0.10566814E+01  0.12589116E+01  0.56720138E+01     0
  0.72552227E-01 -0.28886867E+00 -0.44428123E+01  0.64677865E-03  0.14318713E+01  0.88671669E+00  0.77980840E-01  0.11130426E+01  0.13800000E+00  0.38756176E+01     0
  0.72552227E-01 -0.28886867E+00 -0.44428123E+01  0.64677865E-03  0.16945293E+01 -0.16457960E+00  0.38491558E+00  0.94516601E+00  0.13427004E+01  0.56607691E+01     0
  0.72552227E-01 -0.28886867E+00 -0.44428123E+01  0.64677865E-03  0.19517737E+01 -0.49639196E+00 -0.87577011E-01  0.59340377E+00  0.17897536E+01  0.76857086E+01     0
  0.72552227E-01 -0.28886867E+00 -0.44428123E+01  0.64677865E-03  0.45723065E+01  0.58921263E+00 -0.14239136E+00  0.41850852E+01  0.17388507E+01  0.10411787E+02     0
  0.72552227E-01 -0.28886867E+00 -0.44428123E+01  0.64677865E-03  0.57895575E+01  0.43040586E+00  0.17557816E+00  0.56453369E+01  0.11971091E+01  0.15914080E+02     0
  0.72720018E-01 -0.11520356E+01 -0.13864293E+01 -0.80072579E-02  0.10901922E+03 -0.66454648E+00  0.94858943E+00 -0.10900904E+03  0.93800002E+00  0.72720018E-01     1
  0.72720018E-01 -0.52617644E+00 -0.94200744E+00 -0.24079130E-02  0.50363372E+01  0.69232548E-01 -0.19210777E+00  0.48381337E+01  0.13839999E+01  0.18729568E+02    -1
  0.72720018E-01 -0.52617644E+00 -0.94200744E+00 -0.24079130E-02  0.30450740E+00 -0.66388500E-01  0.82396472E-01  0.24996829E+00  0.13800000E+00  0.20128029E+02     0
  0.72720018E-01 -0.52617644E+00 -0.94200744E+00 -0.24079130E-02  0.48723962E+01  0.23742014E+00 -0.71882195E+00  0.46947061E+01  0.10615583E+01  0.13712923E+02     0
  0.73541210E-01  0.15286818E+00  0.80067644E+00  0.32448267E-01  0.14249715E+02  0.46333005E+00  0.93140196E+00  0.14159648E+02  0.12151334E+01  0.40168132E+02     1
  0.73541210E-01 -0.24343916E+00  0.55732920E+00  0.33622943E-01  0.86434705E+02 -0.97440149E+00 -0.95423829E+00 -0.86418854E+02  0.93800002E+00  0.10914917E+03     1
  0.73541210E-01  0.15286818E+00  0.80067644E+00  0.32448267E-01  0.40394124E+01  0.81666225E-01 -0.46241200E+00  0.36539913E+01  0.16567155E+01  0.26696450E+02     0
  0.73541210E-01  0.15286818E+00  0.80067644E+00  0.32448267E-01  0.17892552E+02  0.51949178E+00  0.10822500E+00  0.17834532E+02  0.13383873E+01  0.22122011E+02     0
  0.73541210E-01  0.15286818E+00  0.80067644E+00  0.32448267E-01  0.14114022E+01  0.37834625E+00 -0.29123575E+00  0.13210027E+01  0.13800000E+00  0.43247618E+01     0
  0.73541210E-01  0.15286818E+00  0.80067644E+00  0.32448267E-01  0.51278996E+00 -0.10570497E+00  0.21203382E+00  0.43333320E+00  0.13800000E+00  0.30641998E+01     0
  0.73541210E-01  0.15286818E+00  0.80067644E+00  0.32448267E-01  0.26014803E+01  0.57552221E+00  0.24083252E+00  0.18889341E+01  0.16764254E+01  0.27480539E+02     0
  0.73541210E-01 -0.24343916E+00  0.55732920E+00  0.33622943E-01  0.24576441E+01  0.55676377E-03  0.82042326E+00 -0.16970348E+01  0.15770202E+01  0.19086497E+02     0
  0.73541210E-01 -0.24343916E+00  0.55732920E+00  0.33622943E-01  0.49398769E+00  0.69618838E-02 -0.46815335E+00 -0.75919778E-01  0.13800000E+00  0.13370915E+02     0
  0.73541210E-01 -0.24343916E+00  0.55732920E+00  0.33622943E-01  0.27264932E+01  0.53309172E+00  0.16409881E+00 -0.25862619E+01  0.65871042E+00  0.21237513E+02     0
  0.73541210E-01 -0.24343916E+00  0.55732920E+00  0.33622943E-01  0.10948138E+02 -0.16788488E+01 -0.34615608E+00 -0.10740449E+02  0.12514508E+01  0.19344519E+02     0
  0.73541210E-01 -0.24343916E+00  0.55732920E+00  0.33622943E-01  0.90144957E+00  0.51538319E+00  0.16960007E+00 -0.23147890E-01  0.71950781E+00  0.56977584E+01     0
  0.73541210E-01 -0.24343916E+00  0.55732920E+00  0.33622943E-01  0.91660846E+00  0.35602240E+00 -0.48355557E+00  0.48534230E+00  0.49399999E+00  0.51864285E+01     0
  0.73541210E-01 -0.24343916E+00  0.55732920E+00  0.33622943E-01  0.16228820E+01 -0.39719816E+00 -0.26646337E-02 -0.14939667E+01  0.49399999E+00  0.10554389E+02     0
  0.73541210E-01 -0.24343916E+00  0.55732920E+00  0.33622943E-01  0.26254764E+01  0.10948894E-01  0.16862286E+00 -0.26163961E+01  0.13800000E+00  0.96608106E+01     0
  0.73541210E-01 -0.24343916E+00  0.55732920E+00  0.33622943E-01  0.12155415E+01  0.34066564E+00  0.37060242E+00 -0.31785795E+00  0.10597680E+01  0.52462873E+01     0
  0.73541210E-01 -0.24343916E+00  0.55732920E+00  0.33622943E-01  0.14829433E+01 -0.29063068E+00 -0.20374152E+00 -0.84039756E+00  0.11691348E+01  0.62033725E+01     0
  0.75883647E-01 -0.52633589E+00 -0.94257289E+00  0.44027889E-03  0.11672800E+01  0.47118178E-01  0.16032305E+00  0.25544425E+00  0.11266620E+01  0.10154832E+03     1
  0.75883647E-01 -0.52633589E+00 -0.94257289E+00  0.44027889E-03  0.10763370E+01 -0.43146890E+00 -0.58397318E-01  0.29846557E+00  0.93800002E+00  0.35325044E+01    -1
  0.75883647E-01 -0.52633589E+00 -0.94257289E+00  0.44027889E-03  0.14468754E+01  0.57942703E+00  0.33713134E+00  0.63134703E+00  0.11160001E+01  0.22318061E+01     1
  0.75883647E-01 -0.52633589E+00 -0.94257289E+00  0.44027889E-03  0.48538831E+01 -0.50775325E+00 -0.50677912E+00 -0.46432233E+01  0.12190239E+01  0.15658821E+02    -1
  0.75883647E-01 -0.52633589E+00 -0.94257289E+00  0.44027889E-03  0.25614437E+01  0.33804341E+00 -0.69688371E-02 -0.22262757E+01  0.12208064E+01  0.10154832E+03     1
  0.75883647E-01 -0.52633589E+00 -0.94257289E+00  0.44027889E-03  0.38954611E+01 -0.25504122E+00  0.17374342E+00 -0.35953472E+01  0.14672638E+01  0.37426211E+02     0
  0.75883647E-01 -0.52633589E+00 -0.94257289E+00  0.44027889E-03  0.17536277E+01  0.97010715E-02 -0.34328394E+00 -0.11544665E+01  0.12745506E+01  0.12997741E+02     0
  0.75883647E-01 -0.52633589E+00 -0.94257289E+00  0.44027889E-03  0.24763375E+00 -0.58910964E-01  0.55534776E-01 -0.18900757E+00  0.13800000E+00  0.15261790E+02     0
  0.75883647E-01 -0.52633589E+00 -0.94257289E+00  0.44027889E-03  0.55203315E+01 -0.11377681E+00 -0.19040642E+00 -0.54437721E+01  0.88893509E+00  0.17932209E+02     0
  0.77326464E-01  0.28790221E+00  0.28006079E+01  0.68081122E-02  0.11430718E+03  0.55844468E+00 -0.51859737E+00  0.11429822E+03  0.12118839E+01  0.10798251E+03     1
  0.82895001E-01 -0.52609559E+00 -0.94204289E+00 -0.65086509E-02  0.76518148E+02  0.22126681E-01 -0.10124182E+01 -0.76501527E+02  0.12320000E+01  0.10154832E+03     1
  0.82895001E-01 -0.97312673E+00 -0.11149458E+01  0.15001161E-01  0.80058531E+00  0.30675548E-01 -0.17690452E+00  0.76789103E+00  0.13800000E+00  0.41941651E+01     0
  0.82895001E-01 -0.97312673E+00 -0.11149458E+01  0.15001161E-01  0.33097494E+01  0.27221341E+00  0.89466155E+00  0.31718887E+01  0.13800000E+00  0.34020161E+01     0
  0.87858111E-01 -0.17221710E+01 -0.61989391E+00  0.47048919E-02  0.62227977E+02 -0.13936883E+00  0.48683942E+00 -0.62218846E+02  0.93800002E+00  0.87685997E+02     1
  0.87858111E-01 -0.97304909E+00 -0.11145282E+01  0.19841847E-01  0.45341854E+01 -0.23502957E+00 -0.25398286E+00  0.44225838E+01  0.93800002E+00  0.87654876E+01     1
  0.87858111E-01 -0.17221710E+01 -0.61989391E+00  0.47048919E-02  0.34747626E+01  0.27333794E+00  0.95336970E-01 -0.34599319E+01  0.13800000E+00  0.24781452E+02     0
  0.87858111E-01 -0.17221710E+01 -0.61989391E+00  0.47048919E-02  0.35970428E+01 -0.61393003E+00 -0.44570673E-01 -0.35412958E+01  0.13800000E+00  0.19924259E+02     0
  0.87858111E-01 -0.17221710E+01 -0.61989391E+00  0.47048919E-02  0.18385719E+02  0.80438215E+00  0.20911757E+00 -0.18311185E+02  0.14298337E+01  0.19215912E+02     0
  0.88675909E-01  0.14503122E+01  0.36628665E+01  0.38852395E-02  0.62117711E+02 -0.88504381E+00 -0.11958994E+00  0.62104208E+02  0.93800002E+00  0.10564148E+03     1
  0.88675909E-01  0.83671937E+00  0.32029477E+01  0.11413778E-03  0.43905442E+01  0.15961650E+00  0.40137189E+00 -0.43670651E+01  0.13800000E+00  0.43259008E+01     0
  0.88675909E-01  0.14503122E+01  0.36628665E+01  0.38852395E-02  0.90932984E+01 -0.42686961E+00 -0.59845814E+00  0.89884127E+01  0.11645354E+01  0.43165010E+02     0
  0.88675909E-01  0.14503122E+01  0.36628665E+01  0.38852395E-02  0.90422232E+01  0.12333696E+01  0.41577214E+00  0.89150625E+01  0.76771953E+00  0.34462767E+02     0
  0.88675909E-01  0.14503122E+01  0.36628665E+01  0.38852395E-02  0.34408019E+01 -0.88117338E+00 -0.47007032E+00  0.31880452E+01  0.82343974E+00  0.24255860E+02     0
  0.88675909E-01  0.14503122E+01  0.36628665E+01  0.38852395E-02  0.32553466E+01  0.57848534E+00  0.56588942E+00  0.28600867E+01  0.13275201E+01  0.20857067E+02     0
  0.88675909E-01  0.14503122E+01  0.36628665E+01  0.38852395E-02  0.17444405E+01  0.42297293E+00 -0.56710702E+00  0.14133070E+01  0.73832206E+00  0.17406001E+02     0
  0.88675909E-01  0.14503122E+01  0.36628665E+01  0.38852395E-02  0.15760848E+01 -0.41767219E+00  0.51783682E-01  0.15125699E+01  0.13800000E+00  0.18836364E+02     0
  0.88675909E-01  0.14503122E+01  0.36628665E+01  0.38852395E-02  0.40826725E+00 -0.15789789E-01 -0.34093444E-01  0.38239569E+00  0.13800000E+00  0.17007390E+02     0
  0.88675909E-01  0.14503122E+01  0.36628665E+01  0.38852395E-02  0.96578581E+01 -0.56141020E+00  0.25915540E+00  0.95386680E+01  0.13804686E+01  0.17792593E+02     0
  0.88675909E-01  0.14503122E+01  0.36628665E+01  0.38852395E-02  0.54927784E+01  0.64505683E+00  0.13033747E+00  0.53790444E+01  0.89633112E+00  0.84390836E+01     0
  0.88675909E-01  0.14503122E+01  0.36628665E+01  0.38852395E-02  0.82820079E+00 -0.22157721E+00 -0.28610955E+00  0.22439150E+00  0.71035897E+00  0.22942250E+01     0
  0.90390130E-01 -0.12003635E+01  0.19550473E+01 -0.27671949E-01  0.95956972E+02  0.19616749E+01 -0.65604023E+00 -0.95930089E+02  0.93800002E+00  0.90390130E-01     1
  0.92050383E-01  0.18383320E+01  0.11864960E+01 -0.78159041E-02  0.11420238E+03 -0.37591727E+00  0.33153053E+00  0.11419742E+03  0.93800002E+00  0.92050383E-01     1
  0.92050383E-01  0.17661868E+01  0.13011896E+01 -0.17095564E-01  0.42428412E+01  0.67561879E+00 -0.85713959E+00 -0.39913291E+01  0.93800002E+00  0.41936125E+02     1
  0.96608180E-01 -0.20991148E+01  0.15033898E+01 -0.25848926E-01  0.48586584E+01  0.64519033E+00  0.41630458E+00  0.46120655E+01  0.13213000E+01  0.30383525E+01     1
  0.96608180E-01 -0.20991148E+01  0.15033898E+01 -0.25848926E-01  0.37236325E+01  0.32298535E+00  0.64509075E+00  0.34312318E+01  0.12536450E+01  0.24728041E+01    -1
  0.96608180E-01 -0.20991148E+01  0.15033898E+01 -0.25848926E-01  0.27580110E+02  0.42891541E+00  0.85602409E+00 -0.27547511E+02  0.93827000E+00  0.23612321E+02     1
  0.96608180E-01 -0.20991148E+01  0.15033898E+01 -0.25848926E-01  0.98795389E+00  0.12071339E+00  0.13239136E+00  0.96215077E+00  0.13498000E+00  0.59520172E+01     0
  0.96608180E-01 -0.20991148E+01  0.15033898E+01 -0.25848926E-01  0.41938809E+01 -0.22033493E+00  0.73894968E+00  0.41200198E+01  0.13957000E+00  0.24135475E+02     0
  0.96608180E-01 -0.20991148E+01  0.15033898E+01 -0.25848926E-01  0.39614824E+01 -0.12888356E+00  0.37342703E+00  0.38446877E+01  0.86928748E+00  0.37423364E+01     0
  0.96608180E-01 -0.20991148E+01  0.15033898E+01 -0.25848926E-01  0.39555386E+01 -0.53115387E+00  0.74354853E-01  0.38125191E+01  0.90737575E+00  0.35840618E+01     0
  0.96608180E-01 -0.20991148E+01  0.15033898E+01 -0.25848926E-01  0.38564865E+01 -0.41799350E+00 -0.73337199E+00  0.37229335E+01  0.54745000E+00  0.57321716E+01     0
  0.96608180E-01 -0.20991148E+01  0.15033898E+01 -0.25848926E-01  0.90698681E+00  0.10469854E+00  0.36342766E+00  0.22646810E+00  0.79265113E+00  0.10120039E+01     0
  0.96608180E-01 -0.20991148E+01  0.15033898E+01 -0.25848926E-01  0.88481871E+00 -0.27561435E+00 -0.22690043E+00  0.28782018E+00  0.75671435E+00  0.10320404E+01     0
  0.96608180E-01 -0.20991148E+01  0.15033898E+01 -0.25848926E-01  0.66152129E+00  0.24209938E+00  0.32273998E+00  0.16480834E+00  0.49767000E+00  0.11599976E+01     0
  0.96608180E-01 -0.20991148E+01  0.15033898E+01 -0.25848926E-01  0.45917235E+00 -0.20175739E+00  0.21154769E+00 -0.32542433E+00  0.13957000E+00  0.27285340E+01     0
  0.96608180E-01 -0.20991148E+01  0.15033898E+01 -0.25848926E-01  0.96507422E+00  0.32084991E+00 -0.14797742E+00 -0.94929771E-01  0.89303673E+00  0.96114079E+00     0
  0.96608180E-01 -0.20991148E+01  0.15033898E+01 -0.25848926E-01  0.74603472E+00  0.17890785E+00  0.53001543E+00  0.15713528E-02  0.49360000E+00  0.13057406E+01     0
  0.96608180E-01 -0.20991148E+01  0.15033898E+01 -0.25848926E-01  0.14344417E+01 -0.16585171E+00  0.84224145E-01 -0.10517290E+01  0.95754295E+00  0.12950436E+01     0
  0.96608180E-01 -0.20991148E+01  0.15033898E+01 -0.25848926E-01  0.69611252E+00  0.47210588E+00  0.19610814E+00 -0.45138729E+00  0.13957000E+00  0.40866491E+01     0
  0.96608180E-01 -0.20991148E+01  0.15033898E+01 -0.25848926E-01  0.31023009E+01  0.27808166E+00 -0.87326235E-01 -0.30856273E+01  0.13498000E+00  0.18483337E+02     0
  0.96608180E-01 -0.20991148E+01  0.15033898E+01 -0.25848926E-01  0.85178572E+01 -0.69077438E+00 -0.57349040E-01 -0.84884600E+01  0.13957000E+00  0.48920036E+02     0
  0.96608180E-01 -0.20991148E+01  0.15033898E+01 -0.25848926E-01  0.50212917E+01 -0.38292886E+00 -0.66336301E-01 -0.49078620E+01  0.98753551E+00  0.41643438E+01     0
  0.96608180E-01 -0.20991148E+01  0.15033898E+01 -0.25848926E-01  0.11380389E+02  0.61607312E+00 -0.33270104E-02 -0.11329385E+02  0.88246068E+00  0.10413568E+02     0
  0.96608180E-01 -0.20991148E+01  0.15033898E+01 -0.25848926E-01  0.61536336E+01 -0.16271781E+00 -0.65498449E+00 -0.60965633E+01  0.49360000E+00  0.10070082E+02     0
  0.96608180E-01 -0.20991148E+01  0.15033898E+01 -0.25848926E-01  0.14809814E+02 -0.53094237E+00 -0.96716249E+00 -0.14739048E+02  0.93473928E+00  0.12771641E+02     0
  0.96608180E-01 -0.20991148E+01  0.15033898E+01 -0.25848926E-01  0.76116876E+01  0.38075574E+00 -0.48046172E+00 -0.75332680E+01  0.90102294E+00  0.68548712E+01     0
  0.96608180E-01 -0.20991148E+01  0.15033898E+01 -0.25848926E-01  0.82484744E+00 -0.54090450E+00  0.36058825E+00 -0.11887296E+00  0.49360000E+00  0.14334760E+01     0
  0.96608180E-01 -0.20991148E+01  0.15033898E+01 -0.25848926E-01  0.10565886E+01  0.18301075E+00 -0.11886751E+00 -0.17353974E+00  0.10191374E+01  0.92600654E+00     0
  0.96608180E-01 -0.20991148E+01  0.15033898E+01 -0.25848926E-01  0.16680484E+01 -0.73306081E+00 -0.89676911E+00 -0.86044166E+00  0.83693041E+00  0.16910522E+01     0
  0.96608180E-01 -0.20991148E+01  0.15033898E+01 -0.25848926E-01  0.10552441E+01 -0.39852934E+00  0.55820145E+00 -0.40506070E+00  0.69213547E+00  0.13163048E+01     0
  0.96608180E-01 -0.20991148E+01  0.15033898E+01 -0.25848926E-01  0.13679762E+01 -0.48020865E+00  0.17145705E+00  0.90409434E+00  0.89105250E+00  0.13247973E+01     0
  0.96608180E-01 -0.20991148E+01  0.15033898E+01 -0.25848926E-01  0.99244995E+00 -0.18976203E+00  0.69790796E-01  0.16401778E+00  0.95769238E+00  0.92564262E+00     0
  0.96608180E-01 -0.20991148E+01  0.15033898E+01 -0.25848926E-01  0.99866774E+00 -0.65200751E-01 -0.33500749E+00  0.19069266E+00  0.91896268E+00  0.96599516E+00     0
  0.96608180E-01 -0.20991148E+01  0.15033898E+01 -0.25848926E-01  0.64614406E+00 -0.51222753E+00  0.90040756E-01  0.35712460E+00  0.13957000E+00  0.38002354E+01     0
  0.96608180E-01 -0.20991148E+01  0.15033898E+01 -0.25848926E-01  0.48913666E+01 -0.58185261E+00  0.47734853E+00  0.47746294E+01  0.74964440E+00  0.53165408E+01     0
  0.96608180E-01 -0.20991148E+01  0.15033898E+01 -0.25848926E-01  0.33430920E+01  0.20791794E+00  0.39428159E+00  0.32585815E+01  0.59935240E+00  0.45588805E+01     0
  0.96608180E-01 -0.20991148E+01  0.15033898E+01 -0.25848926E-01  0.43504167E+01 -0.15589687E+00  0.49364421E+00  0.43172511E+01  0.13957000E+00  0.25032721E+02     0
  0.96608180E-01 -0.20991148E+01  0.15033898E+01 -0.25848926E-01  0.41875038E+01  0.50643869E+00  0.70879584E+00  0.40935115E+01  0.13957000E+00  0.24098923E+02     0
  0.96608180E-01 -0.20991148E+01  0.15033898E+01 -0.25848926E-01  0.59613726E+01 -0.99807148E-01 -0.33504448E+00  0.59258793E+01  0.54745000E+00  0.88080851E+01     0
  0.96608180E-01 -0.20991148E+01  0.15033898E+01 -0.25848926E-01  0.15818581E+02  0.28061147E+00 -0.45992802E+00  0.15790053E+02  0.78194738E+00  0.16280389E+02     0
  0.10393885E+00  0.65136226E+00  0.35375785E+00  0.21784303E-02  0.90557519E+01  0.77418027E+00 -0.15069682E+01  0.87755734E+01  0.14579599E+01  0.11209229E+03     1
  0.10393885E+00  0.61783959E+00  0.62656056E+00  0.37904918E-02  0.44910267E+02  0.35908842E+00  0.22482508E+01 -0.44836328E+02  0.12051003E+01  0.91661969E+02     1
  0.10393885E+00  0.65136226E+00  0.35375785E+00  0.21784303E-02  0.25618870E+01  0.66321361E+00  0.76240591E-02  0.21181548E+01  0.12793650E+01  0.15178246E+02    -1
  0.10393885E+00  0.65136226E+00  0.35375785E+00  0.21784303E-02  0.31477610E+01 -0.55755690E+00 -0.58780012E+00  0.27607798E+01  0.12767598E+01  0.12616232E+02     1
  0.10393885E+00  0.65136226E+00  0.35375785E+00  0.21784303E-02  0.20001938E+02 -0.12569838E+01 -0.12215048E+01  0.19909048E+02  0.79703954E+00  0.34452369E+02     0
  0.10393885E+00  0.65136226E+00  0.35375785E+00  0.21784303E-02  0.64797598E+00 -0.31385526E-01 -0.10679767E+00  0.62324801E+00  0.13800000E+00  0.93691251E+01     0
  0.10393885E+00  0.65136226E+00  0.35375785E+00  0.21784303E-02  0.65837833E+01 -0.33112823E+00 -0.99704033E+00  0.64643951E+01  0.67384186E+00  0.86961829E+01     0
  0.10393885E+00  0.65136226E+00  0.35375785E+00  0.21784303E-02  0.12122483E+01  0.54853876E+00 -0.35855865E+00 -0.21781073E+00  0.99631592E+00  0.35747613E+01     0
  0.10393885E+00  0.65136226E+00  0.35375785E+00  0.21784303E-02  0.14102816E+01  0.76769951E-01  0.43556523E+00  0.11111594E+01  0.74740107E+00  0.11209229E+03     0
  0.10393885E+00  0.61783959E+00  0.62656056E+00  0.37904918E-02  0.47656474E+01 -0.98522921E-01 -0.62249041E-02 -0.45106403E+01  0.15348531E+01  0.45813219E+02     0
  0.10393885E+00  0.61783959E+00  0.62656056E+00  0.37904918E-02  0.49658964E+01 -0.70064317E-01 -0.50313582E+00 -0.46473794E+01  0.16744960E+01  0.41412993E+02     0
  0.10393885E+00  0.61783959E+00  0.62656056E+00  0.37904918E-02  0.55904391E+01 -0.14860519E+00  0.87100439E+00 -0.54686275E+01  0.75258902E+00  0.37567232E+02     0
  0.10393885E+00  0.61783959E+00  0.62656056E+00  0.37904918E-02  0.14968999E+02  0.74271532E+00  0.68837509E-01 -0.14940041E+02  0.55653994E+00  0.32637463E+02     0
  0.10393885E+00  0.61783959E+00  0.62656056E+00  0.37904918E-02  0.26352181E+01 -0.23452959E+00  0.40220258E+00 -0.25900887E+01  0.13800000E+00  0.17447766E+02     0
  0.10393885E+00  0.61783959E+00  0.62656056E+00  0.37904918E-02  0.58368584E+01  0.23716145E+00  0.92437539E+00 -0.57566619E+01  0.13800000E+00  0.14995537E+02     0
  0.10393885E+00  0.61783959E+00  0.62656056E+00  0.37904918E-02  0.28938057E+01  0.14923954E+00 -0.58183217E+00 -0.25713681E+01  0.11837976E+01  0.92413752E+01     0
  0.10393885E+00  0.61783959E+00  0.62656056E+00  0.37904918E-02  0.56917618E+01 -0.55000748E+00  0.52365072E+00 -0.55449395E+01  0.10358954E+01  0.69858350E+01     0
  0.10651404E+00  0.83719868E+00  0.32029671E+01 -0.17699566E-01  0.13157830E+03  0.29307165E+00 -0.10081908E+01  0.13156877E+03  0.11853670E+01  0.30883371E+02     1
  0.10922257E+00  0.12778157E+01  0.25544824E+01 -0.14833492E-01  0.12813097E+03  0.59051666E+00 -0.92529205E+00  0.12812284E+03  0.93800002E+00  0.10922257E+00     1
  0.10922257E+00  0.20651638E+01  0.24806844E+01 -0.85156594E-02  0.26440061E+02 -0.23654481E+00  0.20730148E+01 -0.26340911E+02  0.93800002E+00  0.10922257E+00     1
  0.11085068E+00 -0.20990263E+01  0.15022515E+01 -0.11668881E-01  0.27090178E+02 -0.44258476E+00 -0.36251413E+01  0.26811266E+02  0.13024033E+01  0.16690313E+02     1
  0.11085068E+00 -0.23765934E+01  0.11906758E+01 -0.23283168E-01  0.11466418E+03  0.38696683E+00  0.14020528E+01 -0.11465112E+03  0.93800002E+00  0.11085068E+00     1
